/* noise(x)
0.1	100.41441
6001.3003	99.648621
12002.5	97.452385
18003.701	94.09436
24004.9	89.927948
30006.102	85.305138
36007.301	80.519524
42008.5	75.785103
48009.703	71.240379
54010.902	66.963829
60012.102	62.99136
66013.305	59.331169
72014.5	55.974754
78015.703	52.904457
84016.906	50.098316
90018.102	47.533024
96019.305	45.185627
102020.5	43.034485
108021.7	41.059669
114022.91	39.243149
120024.1	37.568748
126025.3	36.022053
132026.5	34.59026
138027.7	33.262024
144028.91	32.027298
150030.11	30.877178
156031.31	29.80377
162032.5	28.800068
168033.7	27.859831
174034.91	26.977514
180036.11	26.148161
186037.31	25.367338
192038.5	24.631079
198039.7	23.935812
204040.91	23.278332
210042.11	22.655743
216043.31	22.06543
222044.5	21.50503
228045.7	20.972389
234046.91	20.465559
240048.11	19.982761
246049.31	19.522375
252050.52	19.082916
258051.7	18.663029
264052.91	18.261469
270054.09	17.877094
276055.31	17.508848
282056.5	17.155769
288057.72	16.816959
294058.91	16.491592
300060.13	16.178904
306061.31	15.878187
312062.5	15.588783
318063.72	15.31008
324064.91	15.041512
330066.13	14.782548
336067.31	14.532698
342068.5	14.291498
348069.72	14.058518
354070.91	13.833359
360072.13	13.61564
366073.31	13.405009
372074.5	13.201137
378075.72	13.003707
384076.91	12.812431
390078.13	12.627032
396079.31	12.447251
402080.5	12.272844
408081.72	12.10358
414082.91	11.93924
420084.13	11.779619
426085.31	11.624524
432086.5	11.473769
438087.72	11.327181
444088.91	11.184595
450090.13	11.045854
456091.31	10.910809
462092.5	10.779319
468093.72	10.65125
474094.91	10.526475
480096.13	10.404872
486097.31	10.286327
492098.53	10.170729
498099.72	10.057973
504100.91	9.9479609
510102.13	9.8405943
516103.31	9.7357855
522104.53	9.6334448
528105.69	9.5334921
534106.94	9.4358454
540108.13	9.3404303
546109.31	9.2471743
552110.5	9.1560068
558111.69	9.0668621
564112.94	8.9796753
570114.13	8.8943863
576115.31	8.810936
582116.5	8.7292681
588117.75	8.6493282
594118.94	8.5710659
600120.13	8.4944296
606121.31	8.4193716
612122.5	8.3458471
618123.75	8.2738094
624124.94	8.2032185
630126.13	8.1340322
636127.31	8.0662117
642128.5	7.9997172
648129.75	7.9345126
654130.94	7.870564
660132.13	7.8078361
666133.31	7.7462959
672134.5	7.6859126
678135.75	7.6266546
684136.94	7.5684934
690138.13	7.5113993
696139.31	7.4553461
702140.5	7.4003057
708141.75	7.3462529
714142.94	7.2931638
720144.13	7.2410135
726145.31	7.1897783
732146.5	7.1394367
738147.75	7.0899653
744148.94	7.0413451
750150.13	6.9935541
756151.31	6.9465733
762152.5	6.900383
768153.75	6.8549647
774154.94	6.8103008
780156.13	6.7663736
786157.31	6.7231665
792158.5	6.6806626
798159.75	6.6388454
804160.94	6.5977006
810162.13	6.5572128
816163.31	6.5173669
822164.5	6.4781494
828165.75	6.4395461
834166.94	6.4015441
840168.13	6.3641305
846169.31	6.327292
852170.5	6.2910166
858171.75	6.2552924
864172.94	6.220108
870174.13	6.1854525
876175.31	6.1513138
882176.5	6.1176825
888177.75	6.0845466
894178.94	6.0518975
900180.13	6.0197253
906181.31	5.9880195
912182.5	5.9567714
918183.75	5.925971
924184.94	5.8956108
930186.13	5.8656816
936187.31	5.836175
942188.5	5.8070827
948189.75	5.7783961
954190.94	5.7501087
960192.13	5.7222123
966193.31	5.6946993
972194.56	5.6675625
978195.75	5.6407948
984196.94	5.6143899
990198.13	5.5883408
996199.31	5.5626402
1002200.6	5.5372825
1008201.8	5.5122614
1014202.9	5.4875708
1020204.1	5.4632049
1026205.3	5.439157
1032206.6	5.4154224
1038207.8	5.391995
1044208.9	5.3688698
1050210.1	5.3460412
1056211.4	5.3235035
1062212.5	5.3012533
1068213.8	5.2792835
1074214.9	5.2575912
1080216.1	5.2361703
1086217.4	5.2150164
1092218.5	5.1941257
1098219.8	5.1734934
1104220.9	5.1531148
1110222.1	5.1329861
1116223.4	5.1131024
1122224.5	5.093461
1128225.8	5.0740566
1134226.9	5.0548868
1140228.1	5.0359459
1146229.4	5.0172315
1152230.5	4.9987397
1158231.8	4.9804664
1164233	4.9624085
1170234.1	4.9445629
1176235.4	4.9269261
1182236.5	4.9094944
1188237.8	4.8922648
1194239	4.8752341
1200240.1	4.8583994
1206241.4	4.8417573
1212242.5	4.8253055
1218243.8	4.8090401
1224245	4.7929592
1230246.1	4.7770596
1236247.4	4.7613382
1242248.5	4.7457929
1248249.8	4.7304206
1254251	4.7152185
1260252.1	4.7001853
1266253.4	4.685317
1272254.5	4.6706123
1278255.8	4.6560683
1284257	4.6416821
1290258.1	4.6274524
1296259.4	4.6133766
1302260.5	4.599452
1308261.8	4.5856771
1314263	4.5720491
1320264.1	4.5585666
1326265.4	4.5452266
1332266.5	4.5320282
1338267.8	4.5189686
1344269	4.5060458
1350270.1	4.4932585
1356271.4	4.4806046
1362272.5	4.468082
1368273.8	4.4556885
1374275	4.4434233
1380276.1	4.431284
1386277.4	4.4192691
1392278.5	4.4073768
1398279.8	4.3956051
1404281	4.3839531
1410282.1	4.3724184
1416283.4	4.3610001
1422284.5	4.3496966
1428285.8	4.3385057
1434287	4.3274264
1440288.1	4.3164573
1446289.4	4.3055964
1452290.5	4.2948432
1458291.8	4.2841954
1464293	4.2736521
1470294.1	4.2632117
1476295.4	4.2528729
1482296.5	4.2426348
1488297.8	4.2324953
1494299	4.2224536
1500300.1	4.2125087
1506301.4	4.2026591
1512302.5	4.1929035
1518303.8	4.1832409
1524305	4.1736698
1530306.1	4.1641898
1536307.4	4.1547985
1542308.5	4.1454959
1548309.8	4.1362805
1554311	4.127151
1560312.1	4.1181068
1566313.4	4.1091466
1572314.5	4.1002693
1578315.8	4.0914741
1584317	4.0827599
1590318.1	4.0741253
1596319.4	4.0655699
1602320.5	4.0570927
1608321.8	4.0486922
1614323	4.0403681
1620324.1	4.0321193
1626325.4	4.0239449
1632326.5	4.0158439
1638327.8	4.0078154
1644329	3.9998589
1650330.1	3.9919732
1656331.4	3.9841573
1662332.5	3.9764111
1668333.8	3.9687328
1674335	3.9611223
1680336.1	3.9535789
1686337.4	3.9461012
1692338.5	3.938689
1698339.8	3.9313414
1704341	3.9240572
1710342.1	3.9168367
1716343.4	3.909678
1722344.5	3.9025812
1728345.8	3.8955452
1734347	3.8885696
1740348.1	3.8816535
1746349.4	3.8747964
1752350.5	3.8679974
1758351.8	3.8612561
1764353	3.8545716
1770354.1	3.8479435
1776355.4	3.8413711
1782356.5	3.8348536
1788357.8	3.8283906
1794359	3.8219817
1800360.1	3.8156259
1806361.4	3.8093226
1812362.5	3.8030717
1818363.8	3.7968721
1824365	3.7907236
1830366.1	3.7846255
1836367.4	3.7785773
1842368.5	3.7725785
1848369.8	3.7666283
1854371	3.7607265
1860372.1	3.7548726
1866373.4	3.7490656
1872374.5	3.7433059
1878375.8	3.737592
1884377	3.7319241
1890378.1	3.7263014
1896379.4	3.7207236
1902380.5	3.7151902
1908381.8	3.7097006
1914383	3.7042544
1920384.1	3.6988511
1926385.4	3.6934905
1932386.6	3.6881719
1938387.8	3.6828949
1944389	3.677659
1950390.1	3.6724644
1956391.4	3.6673098
1962392.6	3.662195
1968393.8	3.65712
1974395	3.6520841
1980396.1	3.6470871
1986397.4	3.6421282
1992398.6	3.6372075
1998399.8	3.6323245
2004401	3.6274784
2010402.1	3.6226692
2016403.4	3.6178966
2022404.6	3.6131601
2028405.8	3.6084595
2034407	3.6037939
2040408.1	3.5991638
2046409.4	3.594568
2052410.6	3.5900068
2058411.8	3.5854795
2064413	3.580986
2070414.1	3.5765259
2076415.4	3.5720987
2082416.6	3.5677042
2088417.8	3.5633421
2094419	3.5590122
2100420.3	3.554714
2106421.3	3.5504472
2112422.5	3.5462117
2118423.8	3.542007
2124425	3.5378327
2130426.3	3.5336888
2136427.3	3.5295751
2142428.5	3.5254908
2148429.8	3.521436
2154431	3.5174103
2160432.3	3.5134134
2166433.3	3.5094454
2172434.5	3.5055056
2178435.8	3.5015936
2184437	3.4977095
2190438.3	3.4938531
2196439.3	3.4900241
2202440.5	3.4862218
2208441.8	3.4824464
2214443	3.4786973
2220444.3	3.4749749
2226445.3	3.4712784
2232446.5	3.4676075
2238447.8	3.4639623
2244449	3.4603424
2250450.3	3.4567475
2256451.3	3.4531777
2262452.5	3.4496324
2268453.8	3.4461117
2274455	3.4426148
2280456.3	3.4391422
2286457.3	3.4356933
2292458.5	3.4322679
2298459.8	3.4288659
2304461	3.425487
2310462.3	3.4221311
2316463.5	3.4187977
2322464.5	3.4154871
2328465.8	3.4121985
2334467	3.4089322
2340468.3	3.4056878
2346469.5	3.4024651
2352470.5	3.3992641
2358471.8	3.3960843
2364473	3.3929255
2370474.3	3.3897879
2376475.5	3.3866711
2382476.5	3.383575
2388477.8	3.3804989
2394479	3.3774433
2400480.3	3.3744078
2406481.5	3.3713923
2412482.5	3.3683965
2418483.8	3.3654201
2424485	3.3624632
2430486.3	3.3595257
2436487.5	3.356607
2442488.5	3.3537073
2448489.8	3.3508263
2454491	3.3479638
2460492.3	3.34512
2466493.5	3.3422942
2472494.5	3.3394868
2478495.8	3.3366971
2484497	3.3339252
2490498.3	3.331171
2496499.5	3.3284345
2502500.5	3.3257153
2508501.8	3.3230131
2514503	3.320328
2520504.3	3.3176601
2526505.5	3.3150086
2532506.5	3.3123741
2538507.8	3.309756
2544509	3.3071544
2550510.3	3.3045688
2556511.5	3.3019996
2562512.5	3.2994461
2568513.8	3.2969086
2574515	3.2943869
2580516.3	3.2918806
2586517.5	3.2893898
2592518.5	3.2869143
2598519.8	3.2844541
2604521	3.2820091
2610522.3	3.2795789
2616523.5	3.2771635
2622524.5	3.2747631
2628525.8	3.272377
2634527	3.2700055
2640528.3	3.2676485
2646529.5	3.2653055
2652530.5	3.2629769
2658531.8	3.2606623
2664533	3.2583616
2670534.3	3.2560747
2676535.5	3.2538013
2682536.5	3.2515419
2688537.8	3.2492957
2694539	3.2470629
2700540.3	3.2448435
2706541.5	3.2426372
2712542.5	3.2404439
2718543.8	3.2382636
2724545	3.2360961
2730546.3	3.2339416
2736547.5	3.2317996
2742548.5	3.2296703
2748549.8	3.2275531
2754551	3.2254486
2760552.3	3.2233565
2766553.5	3.2212763
2772554.5	3.2192082
2778555.8	3.2171524
2784557	3.2151082
2790558.3	3.2130759
2796559.5	3.2110553
2802560.5	3.2090464
2808561.8	3.2070491
2814563	3.2050631
2820564.3	3.2030885
2826565.5	3.2011254
2832566.5	3.1991732
2838567.8	3.1972325
2844569	3.1953025
2850570.3	3.1933835
2856571.5	3.1914754
2862572.5	3.1895781
2868573.8	3.1876915
2874575	3.1858156
2880576.3	3.1839502
2886577.5	3.1820951
2892578.5	3.1802506
2898579.8	3.1784165
2904581	3.1765924
2910582.3	3.1747785
2916583.5	3.1729748
2922584.5	3.171181
2928585.8	3.1693974
2934587	3.1676233
2940588.3	3.1658592
2946589.5	3.1641047
2952590.5	3.16236
2958591.8	3.1606247
2964593	3.1588991
2970594.3	3.1571829
2976595.5	3.1554761
2982596.5	3.1537786
2988597.8	3.1520903
2994599	3.1504111
3000600.3	3.148741
3006601.5	3.1470799
3012602.5	3.1454282
3018603.8	3.143785
3024605	3.1421506
3030606.3	3.1405253
3036607.5	3.1389086
3042608.5	3.1373005
3048609.8	3.1357009
3054611	3.13411
3060612.3	3.1325276
3066613.5	3.1309536
3072614.5	3.1293879
3078615.8	3.1278305
3084617	3.1262815
3090618.3	3.1247404
3096619.5	3.1232076
3102620.5	3.1216829
3108621.8	3.1201661
3114623	3.1186574
3120624.3	3.1171565
3126625.5	3.1156633
3132626.5	3.1141782
3138627.8	3.1127007
3144629	3.1112309
3150630.3	3.1097686
3156631.5	3.108314
3162632.5	3.1068671
3168633.8	3.1054275
3174635	3.1039953
3180636.3	3.1025703
3186637.5	3.1011529
3192638.5	3.0997427
3198639.8	3.0983398
3204641	3.0969439
3210642.3	3.0955553
3216643.5	3.0941737
3222644.5	3.0927992
3228645.8	3.0914314
3234647	3.0900707
3240648.3	3.088717
3246649.5	3.0873702
3252650.5	3.08603
3258651.8	3.0846965
3264653	3.08337
3270654.3	3.0820498
3276655.5	3.0807364
3282656.5	3.0794296
3288657.8	3.0781293
3294659	3.0768354
3300660.3	3.0755482
3306661.5	3.0742671
3312662.5	3.0729926
3318663.8	3.0717242
3324665	3.0704622
3330666.3	3.0692062
3336667.5	3.0679567
3342668.5	3.0667133
3348669.8	3.0654759
3354671	3.0642445
3360672.3	3.0630193
3366673.5	3.0618
3372674.5	3.0605867
3378675.8	3.0593793
3384677	3.0581777
3390678.3	3.056982
3396679.5	3.0557921
3402680.5	3.0546081
3408681.8	3.0534296
3414683	3.0522568
3420684.3	3.0510898
3426685.5	3.0499282
3432686.5	3.0487723
3438687.8	3.047622
3444689	3.0464771
3450690.3	3.0453377
3456691.5	3.0442038
3462692.5	3.0430753
3468693.8	3.0419521
3474695	3.0408342
3480696.3	3.0397217
3486697.5	3.0386145
3492698.5	3.0375125
3498699.8	3.0364156
3504701	3.0353239
3510702.3	3.0342374
3516703.5	3.0331559
3522704.5	3.0320795
3528705.8	3.0310082
3534707	3.0299418
3540708.3	3.0288804
3546709.5	3.0278239
3552710.5	3.0267725
3558711.8	3.0257258
3564713	3.0246842
3570714.3	3.0236473
3576715.5	3.022615
3582716.5	3.0215876
3588717.8	3.020565
3594719	3.019547
3600720.3	3.0185337
3606721.5	3.0175252
3612722.5	3.016521
3618723.8	3.0155218
3624725	3.0145268
3630726.3	3.0135365
3636727.5	3.0125506
3642728.5	3.0115693
3648729.8	3.0105922
3654731	3.00962
3660732.3	3.0086517
3666733.5	3.007688
3672734.5	3.0067286
3678735.8	3.0057735
3684737	3.0048227
3690738.3	3.0038762
3696739.5	3.002934
3702740.5	3.001996
3708741.8	3.0010622
3714743	3.0001323
3720744.3	2.9992068
3726745.5	2.9982853
3732746.5	2.9973681
3738747.8	2.9964547
3744749	2.9955454
3750750.3	2.9946404
3756751.5	2.9937389
3762752.5	2.9928417
3768753.8	2.9919484
3774755	2.9910591
3780756.3	2.9901733
3786757.5	2.9892919
3792758.5	2.988414
3798759.8	2.98754
3804761	2.98667
3810762.3	2.9858036
3816763.5	2.984941
3822764.5	2.9840822
3828765.8	2.983227
3834767	2.9823756
3840768.3	2.9815278
3846769.5	2.9806836
3852770.8	2.9798431
3858771.8	2.9790063
3864773	2.978173
3870774.3	2.9773433
3876775.5	2.9765172
3882776.8	2.9756944
3888777.8	2.9748755
3894779	2.9740598
3900780.3	2.9732475
3906781.5	2.9724388
3912782.8	2.9716337
3918783.8	2.9708316
3924785	2.9700332
3930786.3	2.969238
3936787.5	2.9684463
3942788.8	2.9676578
3948789.8	2.9668727
3954791	2.9660909
3960792.3	2.9653125
3966793.5	2.9645371
3972794.8	2.9637649
3978795.8	2.9629962
3984797	2.9622304
3990798.3	2.961468
3996799.5	2.9607089
4002800.8	2.9599526
4008801.8	2.9591997
4014803	2.9584498
4020804.3	2.9577029
4026805.5	2.9569592
4032806.8	2.9562185
4038807.8	2.9554808
4044809	2.9547462
4050810.3	2.9540148
4056811.5	2.9532862
4062812.8	2.9525604
4068813.8	2.9518378
4074815	2.9511182
4080816.3	2.9504013
4086817.5	2.9496875
4092818.8	2.9489765
4098819.8	2.9482684
4104821	2.9475632
4110822.3	2.9468608
4116823.5	2.9461613
4122824.8	2.9454644
4128825.8	2.9447706
4134827	2.9440794
4140828.3	2.9433911
4146829.5	2.9427054
4152830.8	2.9420226
4158831.8	2.9413424
4164833	2.9406648
4170834.3	2.93999
4176835.5	2.9393179
4182836.8	2.9386485
4188837.8	2.9379818
4194839	2.9373176
4200840	2.9366562
4206841.5	2.9359972
4212842.5	2.9353411
4218844	2.9346874
4224845	2.9340363
4230846	2.9333875
4236847.5	2.9327414
4242848.5	2.9320979
4248850	2.931457
4254851	2.9308183
4260852	2.9301825
4266853.5	2.9295487
4272854.5	2.9289176
4278856	2.9282892
4284857	2.9276628
4290858	2.9270391
4296859.5	2.9264176
4302860.5	2.9257987
4308862	2.9251821
4314863	2.9245679
4320864	2.9239559
4326865.5	2.9233465
4332866.5	2.9227393
4338868	2.9221344
4344869	2.9215317
4350870	2.9209316
4356871.5	2.9203334
4362872.5	2.9197378
4368874	2.9191444
4374875	2.9185531
4380876	2.9179642
4386877.5	2.9173775
4392878.5	2.9167929
4398880	2.9162104
4404881	2.9156303
4410882	2.9150524
4416883.5	2.9144766
4422884.5	2.913903
4428886	2.9133315
4434887	2.9127622
4440888	2.912195
4446889.5	2.9116297
4452890.5	2.9110668
4458892	2.9105058
4464893	2.9099469
4470894	2.9093902
4476895.5	2.9088354
4482896.5	2.9082828
4488898	2.9077322
4494899	2.9071836
4500900	2.906637
4506901.5	2.9060924
4512902.5	2.9055498
4518904	2.9050093
4524905	2.9044707
4530906	2.903934
4536907.5	2.9033992
4542908.5	2.9028666
4548910	2.9023356
4554911	2.9018068
4560912	2.9012799
4566913.5	2.9007549
4572914.5	2.9002318
4578916	2.8997104
4584917	2.8991911
4590918	2.8986735
4596919.5	2.8981578
4602920.5	2.897644
4608922	2.8971322
4614923	2.8966222
4620924.5	2.8961136
4626925.5	2.8956072
4632926.5	2.8951027
4638928	2.8945997
4644929	2.8940988
4650930.5	2.8935993
4656931.5	2.8931019
4662932.5	2.892606
4668934	2.892112
4674935	2.8916197
4680936.5	2.8911293
4686937.5	2.8906405
4692938.5	2.8901534
4698940	2.889668
4704941	2.8891842
4710942.5	2.8887022
4716943.5	2.888222
4722944.5	2.8877435
4728946	2.8872664
4734947	2.8867912
4740948.5	2.8863175
4746949.5	2.8858454
4752950.5	2.8853753
4758952	2.8849065
4764953	2.8844395
4770954.5	2.8839738
4776955.5	2.8835099
4782956.5	2.8830478
4788958	2.882587
4794959	2.882128
4800960.5	2.8816705
4806961.5	2.8812144
4812962.5	2.88076
4818964	2.8803072
4824965	2.8798559
4830966.5	2.879406
4836967.5	2.8789577
4842968.5	2.8785112
4848970	2.8780658
4854971	2.8776224
4860972.5	2.8771801
4866973.5	2.8767393
4872974.5	2.8763001
4878976	2.8758624
4884977	2.8754263
4890978.5	2.8749914
4896979.5	2.874558
4902980.5	2.8741262
4908982	2.8736959
4914983	2.8732667
4920984.5	2.8728392
4926985.5	2.8724132
4932986.5	2.8719883
4938988	2.8715651
4944989	2.8711431
4950990.5	2.8707228
4956991.5	2.8703036
4962992.5	2.8698859
4968994	2.8694696
4974995	2.8690546
4980996.5	2.8686409
4986997.5	2.8682287
4992998.5	2.8678179
4999000	2.8674083
5005001	2.8670001
5011002.5	2.8665934
5017003.5	2.8661878
5023004.5	2.8657835
5029006	2.8653805
5035007	2.864979
5041008.5	2.8645787
5047009.5	2.8641798
5053010.5	2.8637822
5059012	2.8633857
5065013	2.8629906
5071014.5	2.8625968
5077015.5	2.8622041
5083016.5	2.8618128
5089018	2.8614228
5095019	2.8610339
5101020.5	2.8606465
5107021.5	2.86026
5113022.5	2.859875
5119024	2.8594911
5125025	2.8591084
5131026.5	2.8587272
5137027.5	2.8583469
5143028.5	2.8579679
5149030	2.8575902
5155031	2.8572135
5161032.5	2.8568382
5167033.5	2.8564639
5173034.5	2.856091
5179036	2.8557191
5185037	2.8553483
5191038.5	2.8549788
5197039.5	2.8546104
5203040.5	2.8542433
5209042	2.8538771
5215043	2.8535123
5221044.5	2.8531485
5227045.5	2.8527858
5233046.5	2.8524244
5239048	2.8520639
5245049	2.8517046
5251050.5	2.8513465
5257051.5	2.8509893
5263052.5	2.8506334
5269054	2.8502784
5275055	2.8499248
5281056.5	2.8495719
5287057.5	2.8492205
5293058.5	2.84887
5299060	2.8485205
5305061	2.8481722
5311062.5	2.8478248
5317063.5	2.8474786
5323064.5	2.8471334
5329066	2.8467891
5335067	2.846446
5341068.5	2.8461041
5347069.5	2.845763
5353070.5	2.845423
5359072	2.8450842
5365073	2.8447461
5371074.5	2.8444092
5377075.5	2.8440733
5383076.5	2.8437386
5389078	2.8434045
5395079	2.8430717
5401080.5	2.8427398
5407081.5	2.8424089
5413082.5	2.8420789
5419084	2.8417501
5425085	2.8414221
5431086.5	2.8410952
5437087.5	2.8407691
5443088.5	2.8404441
5449090	2.8401201
5455091	2.839797
5461092.5	2.8394747
5467093.5	2.8391535
5473094.5	2.8388333
5479096	2.8385141
5485097	2.8381956
5491098.5	2.8378782
5497099.5	2.8375616
5503100.5	2.8372462
5509102	2.8369315
5515103	2.8366177
5521104.5	2.8363049
5527105.5	2.8359931
5533106.5	2.8356819
5539108	2.8353717
5545109	2.8350627
5551110.5	2.8347542
5557111.5	2.8344469
5563112.5	2.8341403
5569114	2.8338346
5575115	2.8335299
5581116.5	2.833226
5587117.5	2.8329229
5593118.5	2.8326209
5599120	2.8323195
5605121	2.8320191
5611122.5	2.8317196
5617123.5	2.8314209
5623124.5	2.8311231
5629126	2.830826
5635127	2.8305299
5641128.5	2.8302345
5647129.5	2.8299401
5653130.5	2.8296463
5659132	2.8293536
5665133	2.8290615
5671134.5	2.8287704
5677135.5	2.82848
5683136.5	2.8281906
5689138	2.8279018
5695139	2.8276138
5701140.5	2.8273268
5707141.5	2.8270404
5713142.5	2.826755
5719144	2.8264701
5725145	2.8261864
5731146.5	2.8259032
5737147.5	2.8256209
5743148.5	2.8253393
5749150	2.8250585
5755151	2.8247786
5761152.5	2.8244991
5767153.5	2.8242209
5773154.5	2.8239431
5779156	2.8236661
5785157	2.82339
5791158.5	2.8231146
5797159.5	2.82284
5803160.5	2.822566
5809162	2.8222928
5815163	2.8220205
5821164.5	2.8217487
5827165.5	2.8214779
5833166.5	2.8212078
5839168	2.8209381
5845169	2.8206694
5851170.5	2.8204014
5857171.5	2.8201342
5863172.5	2.8198676
5869174	2.8196018
5875175	2.8193367
5881176.5	2.8190722
5887177.5	2.8188086
5893178.5	2.8185456
5899180	2.8182833
5905181	2.8180218
5911182.5	2.8177607
5917183.5	2.8175006
5923184.5	2.8172412
5929186	2.8169823
5935187	2.8167241
5941188.5	2.8164668
5947189.5	2.81621
5953190.5	2.815954
5959192	2.8156984
5965193	2.8154438
5971194.5	2.8151896
5977195.5	2.8149364
5983196.5	2.8146837
5989198	2.8144314
5995199	2.8141801
6001200.5	2.8139293
6007201.5	2.8136792
6013202.5	2.8134298
6019204	2.8131812
6025205	2.812933
6031206.5	2.8126855
6037207.5	2.8124385
6043208.5	2.8121924
6049210	2.8119469
6055211	2.8117018
6061212.5	2.8114576
6067213.5	2.811214
6073214.5	2.8109708
6079216	2.8107283
6085217	2.8104866
6091218.5	2.8102455
6097219.5	2.8100049
6103220.5	2.8097649
6109222	2.8095255
6115223	2.8092868
6121224.5	2.8090487
6127225.5	2.8088112
6133226.5	2.8085742
6139228	2.8083379
6145229	2.8081024
6151230.5	2.8078671
6157231.5	2.8076327
6163232.5	2.8073988
6169234	2.8071654
6175235	2.8069327
6181236.5	2.8067005
6187237.5	2.806469
6193238.5	2.8062379
6199240	2.8060074
6205241	2.8057775
6211242.5	2.8055482
6217243.5	2.8053195
6223244.5	2.8050914
6229246	2.8048639
6235247	2.804637
6241248.5	2.8044105
6247249.5	2.8041844
6253250.5	2.8039591
6259252	2.8037345
6265253	2.8035102
6271254.5	2.8032866
6277255.5	2.8030634
6283256.5	2.8028409
6289258	2.8026187
6295259	2.8023973
6301260.5	2.8021765
6307261.5	2.8019559
6313262.5	2.8017361
6319264	2.8015168
6325265	2.8012981
6331266.5	2.8010798
6337267.5	2.8008621
6343268.5	2.8006449
6349270	2.8004282
6355271	2.8002119
6361272.5	2.7999964
6367273.5	2.7997813
6373274.5	2.7995665
6379276	2.7993524
6385277	2.799139
6391278.5	2.7989259
6397279.5	2.7987132
6403280.5	2.7985013
6409282	2.7982898
6415283	2.7980788
6421284.5	2.7978683
6427285.5	2.7976582
6433286.5	2.7974486
6439288	2.7972395
6445289	2.7970309
6451290.5	2.796823
6457291.5	2.7966154
6463292.5	2.7964082
6469294	2.7962017
6475295	2.7959955
6481296.5	2.79579
6487297.5	2.7955849
6493298.5	2.7953801
6499300	2.795176
6505301	2.7949722
6511302.5	2.794769
6517303.5	2.7945664
6523304.5	2.794364
6529306	2.7941623
6535307	2.7939608
6541308.5	2.7937598
6547309.5	2.7935596
6553310.5	2.7933595
6559312	2.79316
6565313	2.7929609
6571314.5	2.7927623
6577315.5	2.7925642
6583316.5	2.7923665
6589318	2.7921693
6595319	2.7919726
6601320.5	2.7917762
6607321.5	2.7915804
6613322.5	2.7913849
6619324	2.7911899
6625325	2.7909954
6631326.5	2.7908013
6637327.5	2.7906077
6643328.5	2.7904143
6649330	2.7902217
6655331	2.7900293
6661332.5	2.7898374
6667333.5	2.7896457
6673334.5	2.7894547
6679336	2.789264
6685337	2.7890739
6691338.5	2.7888842
6697339.5	2.7886946
6703340.5	2.7885058
6709342	2.7883172
6715343	2.7881291
6721344.5	2.7879415
6727345.5	2.7877541
6733346.5	2.7875674
6739348	2.7873809
6745349	2.7871947
6751350.5	2.7870092
6757351.5	2.786824
6763352.5	2.7866392
6769354	2.7864547
6775355	2.7862706
6781356.5	2.786087
6787357.5	2.7859039
6793358.5	2.7857211
6799360	2.7855387
6805361	2.7853568
6811362.5	2.7851751
6817363.5	2.7849939
6823364.5	2.7848129
6829366	2.7846324
6835367	2.7844524
6841368.5	2.7842729
6847369.5	2.7840936
6853370.5	2.7839146
6859372	2.7837362
6865373	2.7835581
6871374.5	2.7833803
6877375.5	2.7832029
6883376.5	2.783026
6889378	2.7828493
6895379	2.7826731
6901380.5	2.7824972
6907381.5	2.7823217
6913382.5	2.7821467
6919384	2.7819719
6925385	2.7817974
6931386.5	2.7816236
6937387.5	2.7814498
6943388.5	2.7812767
6949390	2.7811036
6955391	2.7809312
6961392.5	2.7807589
6967393.5	2.7805872
6973394.5	2.7804158
6979396	2.7802446
6985397	2.7800739
6991398.5	2.7799034
6997399.5	2.7797334
7003400.5	2.7795637
7009402	2.7793944
7015403	2.7792253
7021404.5	2.7790565
7027405.5	2.7788885
7033406.5	2.7787204
7039408	2.7785528
7045409	2.7783856
7051410.5	2.7782185
7057411.5	2.7780521
7063412.5	2.7778859
7069414	2.77772
7075415	2.7775543
7081416.5	2.777389
7087417.5	2.7772243
7093418.5	2.7770598
7099420	2.7768955
7105421	2.7767315
7111422.5	2.7765679
7117423.5	2.7764049
7123424.5	2.7762418
7129426	2.7760794
7135427	2.7759171
7141428.5	2.7757552
7147429.5	2.7755935
7153430.5	2.7754323
7159432	2.7752714
7165433	2.7751107
7171434.5	2.7749503
7177435.5	2.7747903
7183436.5	2.7746308
7189438	2.7744713
7195439	2.7743123
7201440.5	2.7741535
7207441.5	2.7739952
7213442.5	2.7738371
7219444	2.7736793
7225445	2.7735219
7231446.5	2.7733645
7237447.5	2.7732077
7243448.5	2.7730513
7249450	2.7728949
7255451	2.7727389
7261452.5	2.7725832
7267453.5	2.772428
7273454.5	2.7722731
7279456	2.7721181
7285457	2.7719638
7291458.5	2.7718096
7297459.5	2.7716558
7303460.5	2.7715023
7309462	2.771349
7315463	2.7711961
7321464.5	2.7710433
7327465.5	2.770891
7333466.5	2.7707388
7339468	2.7705872
7345469	2.7704356
7351470.5	2.7702844
7357471.5	2.7701335
7363472.5	2.7699828
7369474	2.7698324
7375475	2.7696824
7381476.5	2.7695327
7387477.5	2.7693832
7393478.5	2.7692339
7399480	2.7690849
7405481	2.7689362
7411482.5	2.7687879
7417483.5	2.7686398
7423484.5	2.768492
7429486	2.7683444
7435487	2.7681971
7441488.5	2.7680502
7447489.5	2.7679033
7453490.5	2.7677569
7459492	2.7676108
7465493	2.7674649
7471494.5	2.7673192
7477495.5	2.7671738
7483496.5	2.7670286
7489498	2.7668839
7495499	2.7667391
7501500.5	2.7665949
7507501.5	2.7664509
7513502.5	2.7663071
7519504	2.7661636
7525505	2.7660203
7531506.5	2.7658772
7537507.5	2.7657347
7543508.5	2.7655921
7549510	2.7654498
7555511	2.7653079
7561512.5	2.7651663
7567513.5	2.7650247
7573514.5	2.7648835
7579516	2.7647426
7585517	2.7646019
7591518.5	2.7644615
7597519.5	2.7643213
7603520.5	2.7641814
7609522	2.7640417
7615523	2.7639022
7621524.5	2.763763
7627525.5	2.763624
7633526.5	2.7634854
7639528	2.7633469
7645529	2.7632086
7651530.5	2.7630706
7657531.5	2.762933
7663532.5	2.7627954
7669534	2.7626584
7675535	2.7625213
7681536.5	2.7623844
7687537.5	2.762248
7693539	2.7621117
7699540	2.7619758
7705541	2.7618399
7711542.5	2.7617042
7717543.5	2.761569
7723545	2.7614338
7729546	2.7612989
7735547	2.7611644
7741548.5	2.76103
7747549.5	2.7608957
7753551	2.7607617
7759552	2.7606282
7765553	2.7604947
7771554.5	2.7603614
7777555.5	2.7602284
7783557	2.7600956
7789558	2.759963
7795559	2.7598307
7801560.5	2.7596984
7807561.5	2.7595665
7813563	2.7594349
7819564	2.7593036
7825565	2.7591722
7831566.5	2.7590413
7837567.5	2.7589104
7843569	2.7587798
7849570	2.7586496
7855571	2.7585194
7861572.5	2.7583895
7867573.5	2.7582598
7873575	2.7581303
7879576	2.7580011
7885577	2.7578721
7891578.5	2.7577431
7897579.5	2.7576146
7903581	2.7574861
7909582	2.7573578
7915583	2.75723
7921584.5	2.7571023
7927585.5	2.7569747
7933587	2.7568471
7939588	2.7567201
7945589	2.7565932
7951590.5	2.7564664
7957591.5	2.7563398
7963593	2.7562134
7969594	2.7560873
7975595	2.7559614
7981596.5	2.7558358
7987597.5	2.7557104
7993599	2.755585
7999600	2.7554598
8005601	2.7553351
8011602.5	2.7552102
8017603.5	2.7550857
8023605	2.7549615
8029606	2.7548373
8035607	2.7547135
8041608.5	2.7545898
8047609.5	2.7544663
8053611	2.754343
8059612	2.7542198
8065613	2.754097
8071614.5	2.7539742
8077615.5	2.7538517
8083617	2.7537293
8089618	2.753607
8095619	2.7534852
8101620.5	2.7533634
8107621.5	2.7532418
8113623	2.7531204
8119624	2.7529993
8125625	2.7528782
8131626.5	2.7527575
8137627.5	2.7526369
8143629	2.7525163
8149630	2.7523961
8155631	2.7522759
8161632.5	2.7521563
8167633.5	2.7520363
8173635	2.7519169
8179636	2.7517977
8185637	2.7516785
8191638.5	2.7515595
8197639.5	2.7514408
8203641	2.751322
8209642	2.7512035
8215643	2.7510855
8221644.5	2.7509673
8227645.5	2.7508495
8233647	2.7507317
8239648	2.7506142
8245649	2.7504969
8251650.5	2.7503796
8257651.5	2.7502627
8263653	2.7501459
8269654	2.7500291
8275655	2.7499127
8281656.5	2.7497964
8287657.5	2.7496803
8293659	2.7495644
8299660	2.7494485
8305661	2.7493329
8311662.5	2.7492175
8317663.5	2.7491021
8323665	2.7489872
8329666	2.7488723
8335667	2.7487574
8341668.5	2.7486429
8347669.5	2.7485285
8353671	2.748414
8359672	2.7483001
8365673	2.7481861
8371674.5	2.7480724
8377675.5	2.7479589
8383677	2.7478454
8389678	2.7477322
8395679	2.7476189
8401680	2.7475061
8407682	2.7473934
8413683	2.7472806
8419684	2.7471683
8425685	2.747056
8431686	2.7469437
8437688	2.7468319
8443689	2.7467201
8449690	2.7466085
8455691	2.7464969
8461692	2.7463856
8467694	2.7462745
8473695	2.7461634
8479696	2.7460525
8485697	2.7459419
8491698	2.7458313
8497700	2.7457209
8503701	2.7456107
8509702	2.7455006
8515703	2.7453907
8521704	2.7452807
8527706	2.7451713
8533707	2.7450616
8539708	2.7449524
8545709	2.7448432
8551710	2.7447343
8557712	2.7446253
8563713	2.7445166
8569714	2.7444081
8575715	2.7442997
8581716	2.7441914
8587718	2.7440834
8593719	2.7439754
8599720	2.7438676
8605721	2.7437599
8611722	2.7436523
8617724	2.7435451
8623725	2.7434378
8629726	2.7433307
8635727	2.7432237
8641728	2.7431169
8647730	2.7430103
8653731	2.7429037
8659732	2.7427974
8665733	2.742691
8671734	2.7425849
8677736	2.7424791
8683737	2.7423732
8689738	2.7422676
8695739	2.742162
8701740	2.7420566
8707742	2.7419515
8713743	2.7418463
8719744	2.7417414
8725745	2.7416365
8731746	2.7415318
8737748	2.7414272
8743749	2.741323
8749750	2.7412186
8755751	2.7411144
8761752	2.7410104
8767754	2.7409065
8773755	2.7408028
8779756	2.7406993
8785757	2.7405958
8791758	2.7404923
8797760	2.7403893
8803761	2.7402861
8809762	2.7401831
8815763	2.7400804
8821764	2.7399778
8827766	2.7398753
8833767	2.7397728
8839768	2.7396705
8845769	2.7395685
8851770	2.7394664
8857772	2.7393644
8863773	2.7392626
8869774	2.739161
8875775	2.7390594
8881776	2.7389581
8887778	2.738857
8893779	2.7387557
8899780	2.7386549
8905781	2.738554
8911782	2.7384531
8917784	2.7383525
8923785	2.7382522
8929786	2.7381518
8935787	2.7380514
8941788	2.7379513
8947790	2.7378514
8953791	2.7377515
8959792	2.7376516
8965793	2.7375522
8971794	2.7374525
8977796	2.7373531
8983797	2.7372539
8989798	2.7371547
8995799	2.7370558
9001800	2.7369568
9007802	2.7368581
9013803	2.7367594
9019804	2.7366607
9025805	2.7365625
9031806	2.736464
9037808	2.7363658
9043809	2.7362678
9049810	2.7361698
9055811	2.7360721
9061812	2.7359743
9067814	2.7358768
9073815	2.7357793
9079816	2.7356818
9085817	2.7355845
9091818	2.7354875
9097820	2.7353904
9103821	2.7352934
9109822	2.7351966
9115823	2.7351
9121824	2.7350035
9127826	2.7349069
9133827	2.7348106
9139828	2.7347143
9145829	2.7346182
9151830	2.7345223
9157832	2.7344263
9163833	2.7343307
9169834	2.7342348
9175835	2.7341392
9181836	2.7340438
9187838	2.7339485
9193839	2.7338533
9199840	2.733758
9205841	2.7336631
9211842	2.7335682
9217844	2.7334733
9223845	2.7333786
9229846	2.733284
9235847	2.7331896
9241848	2.7330952
9247850	2.733001
9253851	2.7329068
9259852	2.7328126
9265853	2.7327187
9271854	2.7326248
9277856	2.7325311
9283857	2.7324374
9289858	2.7323439
9295859	2.7322505
9301860	2.7321572
9307862	2.732064
9313863	2.7319708
9319864	2.7318778
9325865	2.7317848
9331866	2.7316921
9337868	2.7315993
9343869	2.7315066
9349870	2.7314141
9355871	2.7313218
9361872	2.7312293
9367874	2.7311373
9373875	2.731045
9379876	2.730953
9385877	2.7308612
9391878	2.7307694
9397880	2.7306776
9403881	2.7305861
9409882	2.7304945
9415883	2.7304029
9421884	2.7303116
9427886	2.7302206
9433887	2.7301292
9439888	2.7300384
9445889	2.7299473
9451890	2.7298565
9457892	2.7297657
9463893	2.7296751
9469894	2.7295845
9475895	2.7294941
9481896	2.7294037
9487898	2.7293134
9493899	2.7292233
9499900	2.7291331
9505901	2.7290432
9511902	2.7289534
9517904	2.7288635
9523905	2.7287738
9529906	2.7286842
9535907	2.7285945
9541908	2.7285051
9547910	2.7284157
9553911	2.7283266
9559912	2.7282374
9565913	2.7281482
9571914	2.7280593
9577916	2.7279704
9583917	2.7278817
9589918	2.727793
9595919	2.7277043
9601920	2.7276158
9607922	2.7275274
9613923	2.7274389
9619924	2.7273507
9625925	2.7272625
9631926	2.7271743
9637928	2.7270863
9643929	2.7269983
9649930	2.7269106
9655931	2.7268229
9661932	2.7267351
9667934	2.7266476
9673935	2.7265601
9679936	2.7264726
9685937	2.7263854
9691938	2.7262981
9697940	2.7262111
9703941	2.726124
9709942	2.726037
9715943	2.72595
9721944	2.7258632
9727946	2.7257767
9733947	2.7256899
9739948	2.7256033
9745949	2.7255168
9751950	2.7254305
9757952	2.7253442
9763953	2.7252579
9769954	2.7251718
9775955	2.7250857
9781956	2.7249997
9787958	2.7249138
9793959	2.724828
9799960	2.7247424
9805961	2.7246566
9811962	2.724571
9817964	2.7244856
9823965	2.7244003
9829966	2.7243149
9835967	2.7242296
9841968	2.7241445
9847970	2.7240593
9853971	2.7239742
9859972	2.7238894
9865973	2.7238045
9871974	2.7237196
9877976	2.723635
9883977	2.7235503
9889978	2.7234657
9895979	2.7233813
9901980	2.7232969
9907982	2.7232125
9913983	2.7231283
9919984	2.7230442
9925985	2.72296
9931986	2.7228761
9937988	2.7227921
9943989	2.7227082
9949990	2.7226245
9955991	2.7225406
9961992	2.7224572
9967994	2.7223735
9973995	2.72229
9979996	2.7222066
9985997	2.7221231
9991998	2.7220399
9998000	2.7219567
10004001	2.7218735
10010002	2.7217906
10016003	2.7217076
10022004	2.7216246
10028006	2.7215419
10034007	2.7214592
10040008	2.7213764
10046009	2.7212937
10052010	2.7212112
10058012	2.7211287
10064013	2.7210464
10070014	2.720964
10076015	2.7208817
10082016	2.7207994
10088018	2.7207174
10094019	2.7206354
10100020	2.7205534
10106021	2.7204714
10112022	2.7203896
10118024	2.7203078
10124025	2.720226
10130026	2.7201445
10136027	2.720063
10142028	2.7199814
10148030	2.7198999
10154031	2.7198186
10160032	2.7197373
10166033	2.719656
10172034	2.7195749
10178036	2.7194939
10184037	2.7194128
10190038	2.7193317
10196039	2.7192509
10202040	2.7191701
10208042	2.7190893
10214043	2.7190087
10220044	2.7189281
10226045	2.7188475
10232046	2.7187669
10238048	2.7186866
10244049	2.718606
10250050	2.7185259
10256051	2.7184455
10262052	2.7183654
10268054	2.7182853
10274055	2.7182052
10280056	2.7181253
10286057	2.7180452
10292058	2.7179654
10298060	2.7178857
10304061	2.7178059
10310062	2.7177262
10316063	2.7176466
10322064	2.7175672
10328066	2.7174876
10334067	2.7174082
10340068	2.7173288
10346069	2.7172496
10352070	2.7171702
10358072	2.7170911
10364073	2.7170119
10370074	2.716933
10376075	2.7168541
10382076	2.7167752
10388078	2.7166963
10394079	2.7166173
10400080	2.7165387
10406081	2.71646
10412082	2.7163813
10418084	2.7163029
10424085	2.7162242
10430086	2.7161458
10436087	2.7160673
10442088	2.7159891
10448090	2.7159109
10454091	2.7158327
10460092	2.7157545
10466093	2.7156763
10472094	2.7155983
10478096	2.7155204
10484097	2.7154424
10490098	2.7153645
10496099	2.7152867
10502100	2.715209
10508102	2.7151313
10514103	2.7150536
10520104	2.7149761
10526105	2.7148986
10532106	2.7148211
10538108	2.7147436
10544109	2.7146664
10550110	2.7145891
10556111	2.7145119
10562112	2.7144346
10568114	2.7143574
10574115	2.7142804
10580116	2.7142034
10586117	2.7141263
10592118	2.7140496
10598120	2.7139726
10604121	2.7138958
10610122	2.713819
10616123	2.7137425
10622124	2.7136657
10628126	2.7135892
10634127	2.7135127
10640128	2.7134361
10646129	2.7133598
10652130	2.7132833
10658132	2.713207
10664133	2.7131307
10670134	2.7130547
10676135	2.7129784
10682136	2.7129023
10688138	2.7128263
10694139	2.7127502
10700140	2.7126741
10706141	2.7125983
10712142	2.7125225
10718144	2.7124467
10724145	2.7123709
10730146	2.7122953
10736147	2.7122197
10742148	2.7121441
10748150	2.7120686
10754151	2.711993
10760152	2.7119176
10766153	2.7118421
10772154	2.7117667
10778156	2.7116916
10784157	2.7116163
10790158	2.7115412
10796159	2.7114658
10802160	2.711391
10808162	2.7113159
10814163	2.7112408
10820164	2.7111659
10826165	2.711091
10832166	2.7110162
10838168	2.7109413
10844169	2.7108665
10850170	2.7107918
10856171	2.7107172
10862172	2.7106426
10868174	2.710568
10874175	2.7104936
10880176	2.7104192
10886177	2.7103446
10892178	2.7102702
10898180	2.710196
10904181	2.7101216
10910182	2.7100475
10916183	2.7099733
10922184	2.7098992
10928186	2.709825
10934187	2.7097509
10940188	2.709677
10946189	2.7096031
10952190	2.7095292
10958192	2.7094553
10964193	2.7093813
10970194	2.7093077
10976195	2.709234
10982196	2.7091603
10988198	2.7090867
10994199	2.709013
11000200	2.7089396
11006201	2.7088661
11012202	2.7087924
11018204	2.7087193
11024205	2.7086458
11030206	2.7085724
11036207	2.7084992
11042208	2.708426
11048210	2.7083528
11054211	2.7082796
11060212	2.7082064
11066213	2.7081335
11072214	2.7080605
11078216	2.7079875
11084217	2.7079146
11090218	2.7078416
11096219	2.7077687
11102220	2.707696
11108222	2.7076232
11114223	2.7075505
11120224	2.7074778
11126225	2.7074051
11132226	2.7073326
11138228	2.7072601
11144229	2.7071874
11150230	2.7071152
11156231	2.7070427
11162232	2.7069702
11168234	2.706898
11174235	2.7068255
11180236	2.7067533
11186237	2.706681
11192238	2.706609
11198240	2.7065368
11204241	2.7064648
11210242	2.7063925
11216243	2.7063205
11222244	2.7062485
11228246	2.7061768
11234247	2.7061048
11240248	2.706033
11246249	2.705961
11252250	2.7058892
11258252	2.7058175
11264253	2.7057459
11270254	2.7056742
11276255	2.7056026
11282256	2.7055309
11288258	2.7054594
11294259	2.7053878
11300260	2.7053165
11306261	2.705245
11312262	2.7051737
11318264	2.7051022
11324265	2.7050309
11330266	2.7049596
11336267	2.7048883
11342268	2.7048173
11348270	2.704746
11354271	2.704675
11360272	2.7046039
11366273	2.7045329
11372274	2.7044618
11378276	2.7043908
11384277	2.7043197
11390278	2.7042489
11396279	2.7041781
11402280	2.7041073
11408282	2.7040365
11414283	2.7039657
11420284	2.7038949
11426285	2.7038243
11432286	2.7037535
11438288	2.7036829
11444289	2.7036123
11450290	2.7035418
11456291	2.7034714
11462292	2.7034009
11468294	2.7033303
11474295	2.7032599
11480296	2.7031896
11486297	2.7031193
11492298	2.7030489
11498300	2.7029786
11504301	2.7029085
11510302	2.7028382
11516303	2.7027681
11522304	2.702698
11528306	2.7026279
11534307	2.7025578
11540308	2.7024877
11546309	2.7024179
11552310	2.7023478
11558312	2.7022779
11564313	2.702208
11570314	2.7021382
11576315	2.7020683
11582316	2.7019985
11588318	2.7019289
11594319	2.701859
11600320	2.7017894
11606321	2.7017198
11612322	2.7016501
11618324	2.7015805
11624325	2.7015109
11630326	2.7014413
11636327	2.7013719
11642328	2.7013025
11648330	2.7012329
11654331	2.7011635
11660332	2.7010942
11666333	2.701025
11672334	2.7009556
11678336	2.7008862
11684337	2.7008171
11690338	2.700748
11696339	2.7006786
11702340	2.7006094
11708342	2.7005405
11714343	2.7004714
11720344	2.7004023
11726345	2.7003334
11732346	2.7002642
11738348	2.7001953
11744349	2.7001264
11750350	2.7000575
11756351	2.6999886
11762352	2.6999197
11768354	2.699851
11774355	2.6997821
11780356	2.6997135
11786357	2.6996448
11792358	2.6995759
11798360	2.6995072
11804361	2.6994388
11810362	2.6993701
11816363	2.6993015
11822364	2.6992331
11828366	2.6991644
11834367	2.699096
11840368	2.6990275
11846369	2.6989591
11852370	2.6988907
11858372	2.6988223
11864373	2.6987541
11870374	2.6986856
11876375	2.6986175
11882376	2.6985493
11888378	2.6984808
11894379	2.6984127
11900380	2.6983445
11906381	2.6982765
11912382	2.6982083
11918384	2.6981401
11924385	2.6980722
11930386	2.6980042
11936387	2.6979361
11942388	2.6978681
11948390	2.6978002
11954391	2.6977322
11960392	2.6976645
11966393	2.6975965
11972394	2.6975286
11978396	2.6974609
11984397	2.6973932
11990398	2.6973252
11996399	2.6972575
12002400	2.6971898
12008402	2.6971221
12014403	2.6970546
12020404	2.6969869
12026405	2.6969194
12032406	2.6968517
12038408	2.6967843
12044409	2.6967168
12050410	2.6966491
12056411	2.6965816
12062412	2.6965144
12068414	2.6964469
12074415	2.6963794
12080416	2.6963122
12086417	2.6962447
12092418	2.6961775
12098420	2.6961102
12104421	2.6960428
12110422	2.6959755
12116423	2.6959083
12122424	2.6958413
12128426	2.6957741
12134427	2.6957068
12140428	2.6956398
12146429	2.6955726
12152430	2.6955056
12158432	2.6954386
12164433	2.6953716
12170434	2.6953046
12176435	2.6952376
12182436	2.6951706
12188438	2.6951036
12194439	2.6950369
12200440	2.6949699
12206441	2.6949031
12212442	2.6948364
12218444	2.6947694
12224445	2.6947026
12230446	2.6946359
12236447	2.6945691
12242448	2.6945026
12248450	2.6944358
12254451	2.6943691
12260452	2.6943026
12266453	2.6942358
12272454	2.6941693
12278456	2.6941028
12284457	2.6940362
12290458	2.6939697
12296459	2.6939032
12302461	2.6938367
12308462	2.6937702
12314463	2.6937037
12320464	2.6936374
12326465	2.6935709
12332467	2.6935046
12338468	2.6934383
12344469	2.693372
12350470	2.6933057
12356471	2.6932395
12362473	2.6931732
12368474	2.6931069
12374475	2.6930406
12380476	2.6929743
12386477	2.6929083
12392479	2.692842
12398480	2.692776
12404481	2.6927099
12410482	2.6926439
12416483	2.6925776
12422485	2.6925116
12428486	2.6924455
12434487	2.6923797
12440488	2.6923137
12446489	2.6922476
12452491	2.6921818
12458492	2.6921158
12464493	2.69205
12470494	2.6919839
12476495	2.6919181
12482497	2.6918523
12488498	2.6917865
12494499	2.6917207
12500500	2.6916549
12506501	2.6915891
12512503	2.6915236
12518504	2.6914577
12524505	2.6913919
12530506	2.6913264
12536507	2.6912608
12542509	2.691195
12548510	2.6911294
12554511	2.6910639
12560512	2.6909983
12566513	2.6909328
12572515	2.6908672
12578516	2.6908016
12584517	2.6907361
12590518	2.6906707
12596519	2.6906052
12602521	2.6905398
12608522	2.6904743
12614523	2.6904089
12620524	2.6903434
12626525	2.6902781
12632527	2.6902127
12638528	2.6901474
12644529	2.6900821
12650530	2.6900167
12656531	2.6899517
12662533	2.6898863
12668534	2.689821
12674535	2.6897559
12680536	2.6896906
12686537	2.6896255
12692539	2.6895602
12698540	2.6894951
12704541	2.68943
12710542	2.6893649
12716543	2.6892998
12722545	2.6892347
12728546	2.6891696
12734547	2.6891046
12740548	2.6890395
12746549	2.6889746
12752551	2.6889095
12758552	2.6888444
12764553	2.6887796
12770554	2.6887147
12776555	2.6886497
12782557	2.6885848
12788558	2.68852
12794559	2.6884551
12800560	2.6883903
12806561	2.6883254
12812563	2.6882606
12818564	2.6881957
12824565	2.6881309
12830566	2.6880662
12836567	2.6880014
12842569	2.6879365
12848570	2.6878719
12854571	2.6878071
12860572	2.6877425
12866573	2.6876779
12872575	2.6876132
12878576	2.6875484
12884577	2.6874838
12890578	2.6874192
12896579	2.6873546
12902581	2.6872902
12908582	2.6872256
12914583	2.687161
12920584	2.6870964
12926585	2.687032
12932587	2.6869674
12938588	2.686903
12944589	2.6868384
12950590	2.686774
12956591	2.6867096
12962593	2.686645
12968594	2.6865807
12974595	2.6865163
12980596	2.6864519
12986597	2.6863875
12992599	2.6863232
12998600	2.6862588
13004601	2.6861944
13010602	2.6861303
13016603	2.6860659
13022605	2.6860015
13028606	2.6859374
13034607	2.685873
13040608	2.6858089
13046609	2.6857448
13052611	2.6856804
13058612	2.6856163
13064613	2.6855521
13070614	2.685488
13076615	2.6854239
13082617	2.6853597
13088618	2.6852956
13094619	2.6852314
13100620	2.6851673
13106621	2.6851032
13112623	2.6850393
13118624	2.6849751
13124625	2.684911
13130626	2.6848471
13136627	2.684783
13142629	2.6847191
13148630	2.684655
13154631	2.6845911
13160632	2.6845272
13166633	2.6844633
13172635	2.6843991
13178636	2.6843352
13184637	2.6842713
13190638	2.6842074
13196639	2.6841435
13202641	2.6840799
13208642	2.684016
13214643	2.6839521
13220644	2.6838882
13226645	2.6838245
13232647	2.6837606
13238648	2.6836967
13244649	2.6836331
13250650	2.6835692
13256651	2.6835055
13262653	2.6834419
13268654	2.683378
13274655	2.6833143
13280656	2.6832507
13286657	2.683187
13292659	2.6831234
13298660	2.6830597
13304661	2.682996
13310662	2.6829324
13316663	2.6828687
13322665	2.6828051
13328666	2.6827414
13334667	2.6826777
13340668	2.6826143
13346669	2.6825507
13352671	2.6824872
13358672	2.6824236
13364673	2.6823599
13370674	2.6822965
13376675	2.6822331
13382677	2.6821694
13388678	2.682106
13394679	2.6820426
13400680	2.6819792
13406681	2.6819155
13412683	2.6818521
13418684	2.6817887
13424685	2.6817253
13430686	2.6816618
13436687	2.6815984
13442689	2.681535
13448690	2.6814716
13454691	2.6814084
13460692	2.681345
13466693	2.6812816
13472695	2.6812184
13478696	2.681155
13484697	2.6810915
13490698	2.6810284
13496699	2.6809649
13502701	2.6809018
13508702	2.6808386
13514703	2.6807752
13520704	2.680712
13526705	2.6806488
13532707	2.6805854
13538708	2.6805222
13544709	2.680459
13550710	2.6803958
13556711	2.6803327
13562713	2.6802695
13568714	2.6802063
13574715	2.6801431
13580716	2.6800799
13586717	2.6800168
13592719	2.6799536
13598720	2.6798906
13604721	2.6798275
13610722	2.6797643
13616723	2.6797013
13622725	2.6796381
13628726	2.679575
13634727	2.679512
13640728	2.6794488
13646729	2.6793859
13652731	2.6793227
13658732	2.6792598
13664733	2.6791968
13670734	2.6791339
13676735	2.6790707
13682737	2.6790078
13688738	2.6789448
13694739	2.6788819
13700740	2.6788189
13706741	2.678756
13712743	2.6786928
13718744	2.6786299
13724745	2.6785672
13730746	2.6785042
13736747	2.6784413
13742749	2.6783783
13748750	2.6783154
13754751	2.6782525
13760752	2.6781898
13766753	2.6781268
13772755	2.6780639
13778756	2.6780009
13784757	2.6779382
13790758	2.6778753
13796759	2.6778126
13802761	2.6777496
13808762	2.6776869
13814763	2.677624
13820764	2.6775613
13826765	2.6774986
13832767	2.6774356
13838768	2.6773729
13844769	2.6773102
13850770	2.6772475
13856771	2.6771846
13862773	2.6771219
13868774	2.6770592
13874775	2.6769965
13880776	2.6769338
13886777	2.6768711
13892779	2.6768084
13898780	2.6767457
13904781	2.6766829
13910782	2.6766202
13916783	2.6765575
13922785	2.6764948
13928786	2.6764321
13934787	2.6763697
13940788	2.676307
13946789	2.6762443
13952791	2.6761816
13958792	2.6761191
13964793	2.6760564
13970794	2.6759937
13976795	2.6759312
13982797	2.6758685
13988798	2.675806
13994799	2.6757433
14000800	2.6756809
14006801	2.6756182
14012803	2.6755557
14018804	2.6754932
14024805	2.6754305
14030806	2.6753681
14036807	2.6753056
14042809	2.6752429
14048810	2.6751804
14054811	2.675118
14060812	2.6750555
14066813	2.674993
14072815	2.6749303
14078816	2.6748679
14084817	2.6748054
14090818	2.6747429
14096819	2.6746805
14102821	2.674618
14108822	2.6745555
14114823	2.6744931
14120824	2.6744306
14126825	2.6743681
14132827	2.6743059
14138828	2.6742435
14144829	2.674181
14150830	2.6741185
14156831	2.6740561
14162833	2.6739936
14168834	2.6739314
14174835	2.6738689
14180836	2.6738064
14186837	2.6737442
14192839	2.6736817
14198840	2.6736193
14204841	2.673557
14210842	2.6734946
14216843	2.6734324
14222845	2.6733699
14228846	2.6733077
14234847	2.6732452
14240848	2.673183
14246849	2.6731205
14252851	2.6730583
14258852	2.672996
14264853	2.6729336
14270854	2.6728714
14276855	2.6728091
14282857	2.6727467
14288858	2.6726844
14294859	2.6726222
14300860	2.67256
14306861	2.6724975
14312863	2.6724353
14318864	2.6723731
14324865	2.6723108
14330866	2.6722486
14336867	2.6721864
14342869	2.6721239
14348870	2.6720617
14354871	2.6719995
14360872	2.6719372
14366873	2.671875
14372875	2.6718128
14378876	2.6717505
14384877	2.6716883
14390878	2.6716261
14396879	2.6715639
14402881	2.6715019
14408882	2.6714396
14414883	2.6713774
14420884	2.6713152
14426885	2.671253
14432887	2.6711907
14438888	2.6711285
14444889	2.6710665
14450890	2.6710043
14456891	2.6709421
14462893	2.6708798
14468894	2.6708179
14474895	2.6707556
14480896	2.6706934
14486897	2.6706314
14492899	2.6705692
14498900	2.670507
14504901	2.670445
14510902	2.6703827
14516903	2.6703207
14522905	2.6702585
14528906	2.6701965
14534907	2.6701343
14540908	2.6700721
14546909	2.6700101
14552911	2.6699479
14558912	2.6698859
14564913	2.6698239
14570914	2.6697617
14576915	2.6696997
14582917	2.6696374
14588918	2.6695755
14594919	2.6695132
14600920	2.6694512
14606921	2.6693892
14612923	2.669327
14618924	2.669265
14624925	2.669203
14630926	2.6691408
14636927	2.6690788
14642929	2.6690168
14648930	2.6689548
14654931	2.6688926
14660932	2.6688306
14666933	2.6687686
14672935	2.6687067
14678936	2.6686444
14684937	2.6685824
14690938	2.6685205
14696939	2.6684585
14702941	2.6683965
14708942	2.6683345
14714943	2.6682723
14720944	2.6682103
14726945	2.6681483
14732947	2.6680863
14738948	2.6680243
14744949	2.6679623
14750950	2.6679003
14756951	2.6678383
14762953	2.6677763
14768954	2.6677144
14774955	2.6676524
14780956	2.6675904
14786957	2.6675284
14792959	2.6674664
14798960	2.6674044
14804961	2.6673424
14810962	2.6672804
14816963	2.6672184
14822965	2.6671565
14828966	2.6670945
14834967	2.6670325
14840968	2.6669705
14846969	2.6669085
14852971	2.6668465
14858972	2.6667845
14864973	2.6667225
14870974	2.6666605
14876975	2.6665988
14882977	2.6665368
14888978	2.6664748
14894979	2.6664128
14900980	2.6663508
14906981	2.6662889
14912983	2.6662269
14918984	2.6661651
14924985	2.6661031
14930986	2.6660411
14936987	2.6659791
14942989	2.6659172
14948990	2.6658554
14954991	2.6657934
14960992	2.6657314
14966993	2.6656694
14972995	2.6656075
14978996	2.6655457
14984997	2.6654837
14990998	2.6654217
14996999	2.6653597
15003001	2.665298
15009002	2.665236
15015003	2.665174
15021004	2.6651123
15027005	2.6650503
15033007	2.6649883
15039008	2.6649263
15045009	2.6648645
15051010	2.6648026
15057011	2.6647406
15063013	2.6646788
15069014	2.6646168
15075015	2.6645548
15081016	2.6644931
15087017	2.6644311
15093019	2.6643691
15099020	2.6643074
15105021	2.6642454
15111022	2.6641834
15117023	2.6641216
15123025	2.6640596
15129026	2.6639977
15135027	2.6639359
15141028	2.6638739
15147029	2.6638119
15153031	2.6637502
15159032	2.6636882
15165033	2.6636264
15171034	2.6635644
15177035	2.6635025
15183037	2.6634407
15189038	2.6633787
15195039	2.6633167
15201040	2.663255
15207041	2.663193
15213043	2.6631312
15219044	2.6630692
15225045	2.6630073
15231046	2.6629455
15237047	2.6628835
15243049	2.6628218
15249050	2.6627598
15255051	2.6626978
15261052	2.662636
15267053	2.6625741
15273055	2.6625123
15279056	2.6624503
15285057	2.6623883
15291058	2.6623266
15297059	2.6622646
15303061	2.6622028
15309062	2.6621408
15315063	2.6620789
15321064	2.6620171
15327065	2.6619551
15333067	2.6618934
15339068	2.6618314
15345069	2.6617694
15351070	2.6617076
15357071	2.6616457
15363073	2.6615839
15369074	2.6615219
15375075	2.6614599
15381076	2.6613982
15387077	2.6613362
15393079	2.6612744
15399080	2.6612124
15405081	2.6611505
15411082	2.6610887
15417083	2.6610267
15423085	2.6609647
15429086	2.660903
15435087	2.660841
15441088	2.6607792
15447089	2.6607172
15453091	2.6606553
15459092	2.6605935
15465093	2.6605315
15471094	2.6604695
15477095	2.6604078
15483097	2.6603458
15489098	2.660284
15495099	2.6602221
15501100	2.6601601
15507101	2.6600983
15513103	2.6600363
15519104	2.6599743
15525105	2.6599126
15531106	2.6598506
15537107	2.6597886
15543109	2.6597269
15549110	2.6596649
15555111	2.6596029
15561112	2.6595411
15567113	2.6594791
15573115	2.6594172
15579116	2.6593552
15585117	2.6592934
15591118	2.6592314
15597119	2.6591694
15603121	2.6591077
15609122	2.6590457
15615123	2.6589837
15621124	2.658922
15627125	2.65886
15633127	2.658798
15639128	2.658736
15645129	2.6586742
15651130	2.6586123
15657131	2.6585503
15663133	2.6584883
15669134	2.6584263
15675135	2.6583645
15681136	2.6583025
15687137	2.6582406
15693139	2.6581786
15699140	2.6581166
15705141	2.6580548
15711142	2.6579928
15717143	2.6579309
15723145	2.6578689
15729146	2.6578069
15735147	2.6577451
15741148	2.6576831
15747149	2.6576211
15753151	2.6575592
15759152	2.6574972
15765153	2.6574352
15771154	2.6573732
15777155	2.6573112
15783157	2.6572495
15789158	2.6571875
15795159	2.6571255
15801160	2.6570635
15807161	2.6570015
15813163	2.6569395
15819164	2.6568775
15825165	2.6568155
15831166	2.6567535
15837167	2.6566916
15843169	2.6566296
15849170	2.6565676
15855171	2.6565056
15861172	2.6564436
15867173	2.6563816
15873175	2.6563196
15879176	2.6562576
15885177	2.6561956
15891178	2.6561337
15897179	2.6560717
15903181	2.6560097
15909182	2.6559477
15915183	2.6558857
15921184	2.6558237
15927185	2.6557617
15933187	2.6556995
15939188	2.6556375
15945189	2.6555755
15951190	2.6555135
15957191	2.6554515
15963193	2.6553895
15969194	2.6553276
15975195	2.6552653
15981196	2.6552033
15987197	2.6551414
15993199	2.6550794
15999200	2.6550174
16005201	2.6549551
16011202	2.6548932
16017203	2.6548312
16023205	2.6547689
16029206	2.654707
16035207	2.654645
16041208	2.654583
16047209	2.6545208
16053211	2.6544588
16059212	2.6543968
16065213	2.6543345
16071214	2.6542726
16077215	2.6542106
16083217	2.6541483
16089218	2.6540864
16095219	2.6540241
16101220	2.6539621
16107221	2.6539001
16113223	2.6538379
16119224	2.6537759
16125225	2.6537137
16131226	2.6536517
16137227	2.6535895
16143229	2.6535275
16149230	2.6534653
16155231	2.6534033
16161232	2.6533411
16167233	2.6532791
16173235	2.6532168
16179236	2.6531549
16185237	2.6530926
16191238	2.6530304
16197239	2.6529684
16203241	2.6529062
16209242	2.6528442
16215243	2.652782
16221244	2.6527197
16227245	2.6526577
16233247	2.6525955
16239248	2.6525333
16245249	2.6524711
16251250	2.6524091
16257251	2.6523468
16263253	2.6522846
16269254	2.6522224
16275255	2.6521604
16281256	2.6520982
16287257	2.652036
16293259	2.6519737
16299260	2.6519115
16305261	2.6518493
16311262	2.6517873
16317263	2.6517251
16323265	2.6516628
16329266	2.6516006
16335267	2.6515384
16341268	2.6514761
16347269	2.6514139
16353271	2.6513517
16359272	2.6512895
16365273	2.6512272
16371274	2.651165
16377275	2.6511028
16383277	2.6510406
16389278	2.6509783
16395279	2.6509161
16401280	2.6508539
16407281	2.6507916
16413283	2.6507294
16419284	2.650667
16425285	2.6506047
16431286	2.6505425
16437287	2.6504803
16443289	2.650418
16449290	2.6503556
16455291	2.6502934
16461292	2.6502311
16467293	2.6501689
16473295	2.6501064
16479296	2.6500442
16485297	2.649982
16491298	2.6499195
16497299	2.6498573
16503301	2.6497951
16509302	2.6497326
16515303	2.6496704
16521304	2.6496081
16527305	2.6495457
16533307	2.6494834
16539308	2.649421
16545309	2.6493587
16551310	2.6492963
16557311	2.6492341
16563313	2.6491716
16569314	2.6491094
16575315	2.6490469
16581316	2.6489844
16587317	2.6489222
16593319	2.6488597
16599320	2.6487973
16605321	2.648735
16611322	2.6486726
16617323	2.6486101
16623325	2.6485479
16629326	2.6484854
16635327	2.648423
16641328	2.6483605
16647329	2.6482983
16653331	2.6482358
16659332	2.6481733
16665333	2.6481109
16671334	2.6480484
16677335	2.6479859
16683337	2.6479237
16689338	2.6478612
16695339	2.6477988
16701340	2.6477363
16707341	2.6476738
16713343	2.6476114
16719344	2.6475489
16725345	2.6474864
16731346	2.647424
16737347	2.6473615
16743349	2.6472988
16749350	2.6472363
16755351	2.6471739
16761352	2.6471114
16767353	2.647049
16773355	2.6469865
16779356	2.646924
16785358	2.6468613
16791358	2.6467988
16797360	2.6467364
16803360	2.6466739
16809362	2.6466112
16815364	2.6465487
16821364	2.6464863
16827366	2.6464236
16833366	2.6463611
16839368	2.6462984
16845370	2.6462359
16851370	2.6461735
16857372	2.6461108
16863372	2.6460483
16869374	2.6459856
16875376	2.6459231
16881376	2.6458604
16887378	2.6457977
16893378	2.6457353
16899380	2.6456726
16905382	2.6456101
16911382	2.6455474
16917384	2.6454847
16923384	2.6454222
16929386	2.6453595
16935388	2.6452968
16941388	2.6452341
16947390	2.6451716
16953390	2.6451089
16959392	2.6450462
16965394	2.6449835
16971394	2.6449208
16977396	2.6448581
16983396	2.6447957
16989398	2.644733
16995400	2.6446702
17001400	2.6446075
17007402	2.6445448
17013402	2.6444821
17019404	2.6444194
17025406	2.6443565
17031406	2.6442938
17037408	2.6442311
17043408	2.6441684
17049410	2.6441057
17055412	2.644043
17061412	2.6439803
17067414	2.6439173
17073414	2.6438546
17079416	2.6437919
17085418	2.6437292
17091418	2.6436663
17097420	2.6436036
17103420	2.6435409
17109422	2.6434779
17115424	2.6434152
17121424	2.6433523
17127426	2.6432896
17133426	2.6432269
17139428	2.6431639
17145430	2.6431012
17151430	2.6430383
17157432	2.6429753
17163432	2.6429126
17169434	2.6428497
17175436	2.642787
17181436	2.642724
17187438	2.6426611
17193438	2.6425984
17199440	2.6425354
17205442	2.6424725
17211442	2.6424096
17217444	2.6423469
17223444	2.6422839
17229446	2.642221
17235448	2.642158
17241448	2.6420951
17247450	2.6420321
17253450	2.6419692
17259452	2.6419063
17265454	2.6418433
17271454	2.6417804
17277456	2.6417174
17283456	2.6416545
17289458	2.6415915
17295460	2.6415286
17301460	2.6414657
17307462	2.6414027
17313462	2.6413398
17319464	2.6412766
17325466	2.6412137
17331466	2.6411507
17337468	2.6410878
17343468	2.6410246
17349470	2.6409616
17355472	2.6408987
17361472	2.6408355
17367474	2.6407726
17373474	2.6407094
17379476	2.6406465
17385478	2.6405833
17391478	2.6405203
17397480	2.6404572
17403480	2.6403942
17409482	2.640331
17415484	2.6402681
17421484	2.6402049
17427486	2.6401417
17433486	2.6400788
17439488	2.6400156
17445490	2.6399524
17451490	2.6398892
17457492	2.6398263
17463492	2.6397631
17469494	2.6396999
17475496	2.6396368
17481496	2.6395736
17487498	2.6395104
17493498	2.6394472
17499500	2.639384
17505502	2.6393209
17511502	2.6392577
17517504	2.6391945
17523504	2.6391313
17529506	2.6390681
17535508	2.6390049
17541508	2.6389418
17547510	2.6388786
17553510	2.6388154
17559512	2.638752
17565514	2.6386888
17571514	2.6386256
17577516	2.6385622
17583516	2.638499
17589518	2.6384358
17595520	2.6383724
17601520	2.6383092
17607522	2.6382458
17613522	2.6381826
17619524	2.6381192
17625526	2.638056
17631526	2.6379926
17637528	2.6379294
17643528	2.637866
17649530	2.6378028
17655532	2.6377394
17661532	2.637676
17667534	2.6376126
17673534	2.6375494
17679536	2.637486
17685538	2.6374226
17691538	2.6373591
17697540	2.6372957
17703540	2.6372325
17709542	2.6371691
17715544	2.6371057
17721544	2.6370423
17727546	2.6369789
17733546	2.6369154
17739548	2.636852
17745550	2.6367884
17751550	2.6367249
17757552	2.6366615
17763552	2.6365981
17769554	2.6365347
17775556	2.6364713
17781556	2.6364076
17787558	2.6363442
17793558	2.6362808
17799560	2.6362174
17805562	2.6361537
17811562	2.6360903
17817564	2.6360266
17823564	2.6359632
17829566	2.6358995
17835568	2.6358361
17841568	2.6357725
17847570	2.635709
17853570	2.6356454
17859572	2.635582
17865574	2.6355183
17871574	2.6354547
17877576	2.635391
17883576	2.6353276
17889578	2.6352639
17895580	2.6352003
17901580	2.6351366
17907582	2.6350729
17913582	2.6350095
17919584	2.6349459
17925586	2.6348822
17931586	2.6348186
17937588	2.6347549
17943588	2.6346912
17949590	2.6346276
17955592	2.6345639
17961592	2.6345003
17967594	2.6344364
17973594	2.6343727
17979596	2.6343091
17985598	2.6342454
17991598	2.6341815
17997600	2.6341178
18003600	2.6340542
18009602	2.6339903
18015604	2.6339266
18021604	2.633863
18027606	2.6337991
18033606	2.6337354
18039608	2.6336715
18045610	2.6336079
18051610	2.633544
18057612	2.6334801
18063612	2.6334164
18069614	2.6333525
18075616	2.6332886
18081616	2.633225
18087618	2.6331611
18093618	2.6330972
18099620	2.6330333
18105622	2.6329696
18111622	2.6329057
18117624	2.6328418
18123624	2.6327779
18129626	2.632714
18135628	2.6326501
18141628	2.6325862
18147630	2.6325223
18153630	2.6324584
18159632	2.6323946
18165634	2.6323304
18171634	2.6322665
18177636	2.6322026
18183636	2.6321387
18189638	2.6320748
18195640	2.6320107
18201640	2.6319468
18207642	2.6318829
18213642	2.6318188
18219644	2.6317549
18225646	2.6316907
18231646	2.6316268
18237648	2.6315627
18243648	2.6314988
18249650	2.6314347
18255652	2.6313705
18261652	2.6313066
18267654	2.6312425
18273654	2.6311784
18279656	2.6311145
18285658	2.6310503
18291658	2.6309862
18297660	2.6309221
18303660	2.6308579
18309662	2.6307938
18315664	2.6307299
18321664	2.6306658
18327666	2.6306016
18333666	2.6305375
18339668	2.6304731
18345670	2.630409
18351670	2.6303449
18357672	2.6302807
18363672	2.6302166
18369674	2.6301525
18375676	2.6300881
18381676	2.630024
18387678	2.6299598
18393678	2.6298954
18399680	2.6298313
18405682	2.6297672
18411682	2.6297028
18417684	2.6296387
18423684	2.6295743
18429686	2.6295102
18435688	2.6294458
18441688	2.6293814
18447690	2.6293173
18453690	2.6292529
18459692	2.6291885
18465694	2.6291244
18471694	2.62906
18477696	2.6289957
18483696	2.6289313
18489698	2.6288669
18495700	2.6288025
18501700	2.6287384
18507702	2.628674
18513702	2.6286097
18519704	2.6285453
18525706	2.6284807
18531706	2.6284163
18537708	2.6283519
18543708	2.6282876
18549710	2.6282232
18555712	2.6281588
18561712	2.6280942
18567714	2.6280298
18573714	2.6279655
18579716	2.6279008
18585718	2.6278365
18591718	2.6277719
18597720	2.6277075
18603720	2.6276429
18609722	2.6275785
18615724	2.6275139
18621724	2.6274495
18627726	2.6273849
18633726	2.6273203
18639728	2.6272559
18645730	2.6271913
18651730	2.6271267
18657732	2.6270621
18663732	2.6269977
18669734	2.6269331
18675736	2.6268685
18681736	2.6268039
18687738	2.6267393
18693738	2.6266747
18699740	2.62661
18705742	2.6265454
18711742	2.6264808
18717744	2.626416
18723744	2.6263514
18729746	2.6262867
18735748	2.6262221
18741748	2.6261575
18747750	2.6260927
18753750	2.6260281
18759752	2.6259632
18765754	2.6258986
18771754	2.625834
18777756	2.6257691
18783756	2.6257045
18789758	2.6256397
18795760	2.6255748
18801760	2.6255102
18807762	2.6254454
18813762	2.6253805
18819764	2.6253159
18825766	2.6252511
18831766	2.6251862
18837768	2.6251214
18843768	2.6250565
18849770	2.6249917
18855772	2.6249268
18861772	2.6248622
18867774	2.6247973
18873774	2.6247325
18879776	2.6246674
18885778	2.6246026
18891778	2.6245377
18897780	2.6244729
18903780	2.624408
18909782	2.6243429
18915784	2.6242781
18921784	2.6242132
18927786	2.6241481
18933786	2.6240833
18939788	2.6240184
18945790	2.6239533
18951790	2.6238885
18957792	2.6238234
18963792	2.6237586
18969794	2.6236935
18975796	2.6236284
18981796	2.6235635
18987798	2.6234984
18993798	2.6234334
18999800	2.6233683
19005802	2.6233034
19011802	2.6232383
19017804	2.6231732
19023804	2.6231081
19029806	2.6230431
19035808	2.622978
19041808	2.6229129
19047810	2.6228478
19053810	2.6227827
19059812	2.6227176
19065814	2.6226523
19071814	2.6225872
19077816	2.6225221
19083816	2.622457
19089818	2.6223917
19095820	2.6223266
19101820	2.6222615
19107822	2.6221962
19113822	2.6221311
19119824	2.6220658
19125826	2.6220007
19131826	2.6219354
19137828	2.62187
19143828	2.621805
19149830	2.6217396
19155832	2.6216743
19161832	2.6216092
19167834	2.6215439
19173834	2.6214786
19179836	2.6214132
19185838	2.6213479
19191838	2.6212826
19197840	2.6212173
19203840	2.6211519
19209842	2.6210866
19215844	2.6210213
19221844	2.6209559
19227846	2.6208906
19233846	2.6208253
19239848	2.6207597
19245850	2.6206944
19251850	2.6206291
19257852	2.6205637
19263852	2.6204982
19269854	2.6204329
19275856	2.6203673
19281856	2.620302
19287858	2.6202364
19293858	2.6201711
19299860	2.6201055
19305862	2.6200402
19311862	2.6199746
19317864	2.619909
19323864	2.6198435
19329866	2.6197782
19335868	2.6197126
19341868	2.619647
19347870	2.6195815
19353870	2.6195159
19359872	2.6194503
19365874	2.6193848
19371874	2.6193192
19377876	2.6192536
19383876	2.6191881
19389878	2.6191225
19395880	2.6190569
19401880	2.6189911
19407882	2.6189256
19413882	2.61886
19419884	2.6187942
19425886	2.6187286
19431886	2.6186631
19437888	2.6185973
19443888	2.6185317
19449890	2.6184659
19455892	2.6184003
19461892	2.6183345
19467894	2.6182687
19473894	2.6182032
19479896	2.6181374
19485898	2.6180716
19491898	2.6180058
19497900	2.6179402
19503900	2.6178744
19509902	2.6178086
19515904	2.6177428
19521904	2.617677
19527906	2.6176112
19533906	2.6175454
19539908	2.6174796
19545910	2.6174138
19551910	2.6173477
19557912	2.6172819
19563912	2.6172161
19569914	2.6171503
19575916	2.6170843
19581916	2.6170185
19587918	2.6169527
19593918	2.6168866
19599920	2.6168208
19605922	2.6167548
19611922	2.616689
19617924	2.6166229
19623924	2.6165571
19629926	2.6164911
19635928	2.616425
19641928	2.616359
19647930	2.6162932
19653930	2.6162271
19659932	2.6161611
19665934	2.6160951
19671934	2.616029
19677936	2.615963
19683936	2.6158969
19689938	2.6158309
19695940	2.6157649
19701940	2.6156988
19707942	2.6156328
19713942	2.6155667
19719944	2.6155005
19725946	2.6154344
19731946	2.6153684
19737948	2.6153021
19743948	2.615236
19749950	2.6151698
19755952	2.6151037
19761952	2.6150377
19767954	2.6149714
19773954	2.6149051
19779956	2.6148391
19785958	2.6147728
19791958	2.6147065
19797960	2.6146405
19803960	2.6145742
19809962	2.6145079
19815964	2.6144416
19821964	2.6143754
19827966	2.6143091
19833966	2.6142428
19839968	2.6141765
19845970	2.6141102
19851970	2.614044
19857972	2.6139777
19863972	2.6139114
19869974	2.6138451
19875976	2.6137786
19881976	2.6137123
19887978	2.613646
19893978	2.6135798
19899980	2.6135132
19905982	2.613447
19911982	2.6133804
19917984	2.6133142
19923984	2.6132476
19929986	2.6131811
19935988	2.6131148
19941988	2.6130483
19947990	2.6129818
19953990	2.6129155
19959992	2.612849
19965994	2.6127825
19971994	2.612716
19977996	2.6126494
19983996	2.6125829
19989998	2.6125164
19996000	2.6124499
20002000	2.6123834
20008002	2.6123168
20014002	2.6122503
20020004	2.6121838
20026006	2.6121171
20032006	2.6120505
20038008	2.611984
20044008	2.6119175
20050010	2.6118507
20056012	2.6117842
20062012	2.6117175
20068014	2.6116509
20074014	2.6115842
20080016	2.6115177
20086018	2.6114509
20092018	2.6113842
20098020	2.6113176
20104020	2.6112509
20110022	2.6111841
20116024	2.6111174
20122024	2.6110506
20128026	2.6109841
20134026	2.6109173
20140028	2.6108506
20146030	2.6107838
20152030	2.6107171
20158032	2.6106501
20164032	2.6105833
20170034	2.6105165
20176036	2.6104498
20182036	2.610383
20188038	2.610316
20194038	2.6102493
20200040	2.6101825
20206042	2.6101155
20212042	2.6100488
20218044	2.6099818
20224044	2.609915
20230046	2.609848
20236048	2.609781
20242048	2.6097143
20248050	2.6096473
20254050	2.6095803
20260052	2.6095133
20266054	2.6094465
20272054	2.6093795
20278056	2.6093125
20284056	2.6092455
20290058	2.6091785
20296060	2.6091115
20302060	2.6090446
20308062	2.6089776
20314062	2.6089106
20320064	2.6088433
20326066	2.6087763
20332066	2.6087093
20338068	2.6086421
20344068	2.6085751
20350070	2.6085081
20356072	2.6084409
20362072	2.6083739
20368074	2.6083066
20374074	2.6082397
20380076	2.6081724
20386078	2.6081052
20392078	2.6080382
20398080	2.607971
20404080	2.6079037
20410082	2.6078367
20416084	2.6077695
20422084	2.6077023
20428086	2.607635
20434086	2.6075678
20440088	2.6075006
20446090	2.6074333
20452090	2.6073661
20458092	2.6072989
20464092	2.6072316
20470094	2.6071641
20476096	2.6070969
20482096	2.6070297
20488098	2.6069622
20494098	2.606895
20500100	2.6068277
20506102	2.6067603
20512102	2.606693
20518104	2.6066256
20524104	2.6065583
20530106	2.6064909
20536108	2.6064234
20542108	2.6063561
20548110	2.6062887
20554110	2.6062212
20560112	2.6061537
20566114	2.6060863
20572114	2.6060188
20578116	2.6059513
20584116	2.6058841
20590118	2.6058164
20596120	2.6057489
20602120	2.6056814
20608122	2.6056139
20614122	2.6055465
20620124	2.605479
20626126	2.6054113
20632126	2.6053438
20638128	2.6052763
20644128	2.6052086
20650130	2.6051412
20656132	2.6050735
20662132	2.605006
20668134	2.6049383
20674134	2.6048708
20680136	2.6048031
20686138	2.6047354
20692138	2.6046679
20698140	2.6046002
20704140	2.6045325
20710142	2.6044648
20716144	2.6043971
20722144	2.6043293
20728146	2.6042616
20734146	2.6041939
20740148	2.6041262
20746150	2.6040585
20752150	2.6039908
20758152	2.6039231
20764152	2.6038554
20770154	2.6037874
20776156	2.6037197
20782156	2.603652
20788158	2.6035841
20794158	2.6035163
20800160	2.6034484
20806162	2.6033807
20812162	2.6033127
20818164	2.603245
20824164	2.6031771
20830166	2.6031091
20836168	2.6030412
20842168	2.6029735
20848170	2.6029055
20854170	2.6028376
20860172	2.6027696
20866174	2.6027017
20872174	2.6026337
20878176	2.6025658
20884176	2.6024978
20890178	2.6024299
20896180	2.6023619
20902180	2.602294
20908182	2.6022258
20914182	2.6021578
20920184	2.6020899
20926186	2.6020217
20932186	2.6019537
20938188	2.6018858
20944188	2.6018176
20950190	2.6017497
20956192	2.6016815
20962192	2.6016133
20968194	2.6015453
20974194	2.6014771
20980196	2.601409
20986198	2.6013408
20992198	2.6012728
20998200	2.6012046
21004200	2.6011364
21010202	2.6010683
21016204	2.6010001
21022204	2.6009319
21028206	2.6008637
21034206	2.6007955
21040208	2.6007273
21046210	2.6006589
21052210	2.6005907
21058212	2.6005225
21064212	2.6004543
21070214	2.6003859
21076216	2.6003177
21082216	2.6002493
21088218	2.6001811
21094218	2.6001127
21100220	2.6000445
21106222	2.5999761
21112222	2.5999076
21118224	2.5998394
21124224	2.599771
21130226	2.5997026
21136228	2.5996342
21142228	2.5995657
21148230	2.5994973
21154230	2.5994289
21160232	2.5993605
21166234	2.599292
21172234	2.5992236
21178236	2.5991552
21184236	2.5990868
21190238	2.5990183
21196240	2.5989497
21202240	2.5988812
21208242	2.5988128
21214242	2.5987442
21220244	2.5986757
21226246	2.5986071
21232246	2.5985386
21238248	2.59847
21244248	2.5984015
21250250	2.5983329
21256252	2.5982642
21262252	2.5981958
21268254	2.5981271
21274254	2.5980585
21280256	2.5979898
21286258	2.5979211
21292258	2.5978525
21298260	2.5977838
21304260	2.5977151
21310262	2.5976465
21316264	2.5975778
21322264	2.5975091
21328266	2.5974405
21334266	2.5973718
21340268	2.5973029
21346270	2.5972342
21352270	2.5971653
21358272	2.5970967
21364272	2.597028
21370274	2.5969591
21376276	2.5968902
21382276	2.5968215
21388278	2.5967526
21394278	2.596684
21400280	2.5966151
21406282	2.5965462
21412282	2.5964773
21418284	2.5964084
21424284	2.5963397
21430286	2.5962708
21436288	2.5962019
21442288	2.596133
21448290	2.5960641
21454290	2.5959949
21460292	2.595926
21466294	2.5958571
21472294	2.5957882
21478296	2.5957193
21484296	2.5956502
21490298	2.5955813
21496300	2.5955122
21502300	2.5954432
21508302	2.5953741
21514302	2.5953052
21520304	2.5952361
21526306	2.5951672
21532306	2.595098
21538308	2.5950289
21544308	2.59496
21550310	2.5948908
21556312	2.5948217
21562312	2.5947526
21568314	2.5946834
21574314	2.5946143
21580316	2.5945451
21586318	2.594476
21592318	2.5944068
21598320	2.5943377
21604320	2.5942686
21610322	2.5941992
21616324	2.59413
21622324	2.5940609
21628326	2.5939915
21634326	2.5939224
21640328	2.5938532
21646330	2.5937839
21652330	2.5937147
21658332	2.5936453
21664332	2.593576
21670334	2.5935068
21676336	2.5934374
21682336	2.5933681
21688338	2.5932987
21694338	2.5932295
21700340	2.5931602
21706342	2.5930908
21712342	2.5930214
21718344	2.592952
21724344	2.5928826
21730346	2.5928133
21736348	2.5927436
21742348	2.5926743
21748350	2.5926049
21754350	2.5925355
21760352	2.5924659
21766354	2.5923965
21772354	2.5923271
21778356	2.5922575
21784356	2.5921881
21790358	2.5921185
21796360	2.5920491
21802360	2.5919795
21808362	2.5919099
21814362	2.5918405
21820364	2.5917709
21826366	2.5917013
21832366	2.5916317
21838368	2.591562
21844368	2.5914924
21850370	2.5914228
21856372	2.5913532
21862372	2.5912836
21868374	2.5912139
21874374	2.5911443
21880376	2.5910747
21886378	2.5910051
21892378	2.5909352
21898380	2.5908656
21904380	2.590796
21910382	2.5907261
21916384	2.5906565
21922384	2.5905867
21928386	2.590517
21934386	2.5904472
21940388	2.5903776
21946390	2.5903077
21952390	2.5902379
21958392	2.590168
21964392	2.5900984
21970394	2.5900285
21976396	2.5899587
21982396	2.5898888
21988398	2.589819
21994398	2.5897491
22000400	2.5896792
22006402	2.5896094
22012402	2.5895395
22018404	2.5894694
22024404	2.5893996
22030406	2.5893297
22036408	2.5892596
22042408	2.5891898
22048410	2.5891199
22054410	2.5890498
22060412	2.58898
22066414	2.5889099
22072414	2.58884
22078416	2.5887699
22084416	2.5886998
22090418	2.58863
22096420	2.5885599
22102420	2.5884898
22108422	2.5884197
22114422	2.5883496
22120424	2.5882795
22126426	2.5882094
22132426	2.5881393
22138428	2.5880692
22144428	2.5879991
22150430	2.587929
22156432	2.5878589
22162432	2.5877886
22168434	2.5877185
22174434	2.5876484
22180436	2.5875781
22186438	2.587508
22192438	2.5874376
22198440	2.5873675
22204440	2.5872972
22210442	2.5872271
22216444	2.5871568
22222444	2.5870864
22228446	2.5870163
22234446	2.586946
22240448	2.5868757
22246450	2.5868053
22252450	2.586735
22258452	2.5866647
22264452	2.5865943
22270454	2.586524
22276456	2.5864537
22282456	2.5863833
22288458	2.586313
22294458	2.5862427
22300460	2.5861721
22306462	2.5861018
22312462	2.5860314
22318464	2.5859609
22324464	2.5858905
22330466	2.58582
22336468	2.5857496
22342468	2.5856791
22348470	2.5856085
22354470	2.5855381
22360472	2.5854676
22366474	2.585397
22372474	2.5853264
22378476	2.5852561
22384476	2.5851855
22390478	2.585115
22396480	2.5850444
22402480	2.5849738
22408482	2.5849032
22414482	2.5848327
22420484	2.5847619
22426486	2.5846913
22432486	2.5846207
22438488	2.5845501
22444488	2.5844793
22450490	2.5844088
22456492	2.5843379
22462492	2.5842674
22468494	2.5841966
22474494	2.584126
22480496	2.5840552
22486498	2.5839846
22492498	2.5839138
22498500	2.583843
22504500	2.5837722
22510502	2.5837016
22516504	2.5836308
22522504	2.58356
22528506	2.5834892
22534506	2.5834184
22540508	2.5833476
22546510	2.5832767
22552510	2.5832059
22558512	2.5831349
22564512	2.5830641
22570514	2.5829933
22576516	2.5829222
22582516	2.5828514
22588518	2.5827806
22594518	2.5827096
22600520	2.5826387
22606522	2.5825677
22612522	2.5824969
22618524	2.5824258
22624524	2.5823548
22630526	2.582284
22636528	2.5822129
22642528	2.5821419
22648530	2.5820708
22654530	2.5819998
22660532	2.5819287
22666534	2.5818577
22672534	2.5817866
22678536	2.5817156
22684536	2.5816445
22690538	2.5815735
22696540	2.5815024
22702540	2.5814314
22708542	2.5813601
22714542	2.5812891
22720544	2.5812178
22726546	2.5811467
22732546	2.5810757
22738548	2.5810044
22744548	2.5809333
22750550	2.580862
22756552	2.5807908
22762552	2.5807197
22768554	2.5806484
22774554	2.5805771
22780556	2.5805058
22786558	2.5804346
22792558	2.5803633
22798560	2.580292
22804560	2.5802207
22810562	2.5801494
22816564	2.5800781
22822564	2.5800068
22828566	2.5799356
22834566	2.5798643
22840568	2.5797927
22846570	2.5797215
22852570	2.5796502
22858572	2.5795786
22864572	2.5795074
22870574	2.5794358
22876576	2.5793645
22882576	2.579293
22888578	2.5792215
22894578	2.5791502
22900580	2.5790787
22906582	2.5790071
22912582	2.5789356
22918584	2.5788641
22924584	2.5787928
22930586	2.5787213
22936588	2.5786498
22942588	2.5785782
22948590	2.5785065
22954590	2.5784349
22960592	2.5783634
22966594	2.5782919
22972594	2.5782204
22978596	2.5781486
22984596	2.5780771
22990598	2.5780056
22996600	2.5779338
23002600	2.5778623
23008602	2.5777905
23014602	2.5777187
23020604	2.5776472
23026606	2.5775754
23032606	2.5775037
23038608	2.5774322
23044608	2.5773604
23050610	2.5772886
23056612	2.5772169
23062612	2.5771451
23068614	2.5770733
23074614	2.5770016
23080616	2.5769298
23086618	2.576858
23092618	2.5767863
23098620	2.5767143
23104620	2.5766425
23110622	2.5765707
23116624	2.576499
23122624	2.576427
23128626	2.5763552
23134626	2.5762832
23140628	2.5762115
23146630	2.5761395
23152630	2.5760677
23158632	2.5759957
23164632	2.5759237
23170634	2.5758517
23176636	2.5757799
23182636	2.5757079
23188638	2.5756359
23194638	2.5755639
23200640	2.5754919
23206642	2.5754199
23212642	2.5753479
23218644	2.5752759
23224644	2.5752039
23230646	2.5751317
23236648	2.5750597
23242648	2.5749876
23248650	2.5749154
23254650	2.5748434
23260652	2.5747714
23266654	2.5746992
23272654	2.5746272
23278656	2.5745549
23284656	2.5744829
23290658	2.5744107
23296660	2.5743384
23302660	2.5742662
23308662	2.5741942
23314662	2.574122
23320664	2.5740497
23326666	2.5739775
23332666	2.5739052
23338668	2.573833
23344668	2.5737607
23350670	2.5736885
23356672	2.5736163
23362672	2.5735438
23368674	2.5734715
23374674	2.5733993
23380676	2.5733271
23386678	2.5732546
23392678	2.5731823
23398680	2.5731099
23404680	2.5730376
23410682	2.5729651
23416684	2.5728929
23422684	2.5728204
23428686	2.5727479
23434686	2.5726757
23440688	2.5726032
23446690	2.5725307
23452690	2.5724583
23458692	2.5723858
23464692	2.5723133
23470694	2.5722408
23476696	2.5721684
23482696	2.5720959
23488698	2.5720234
23494698	2.5719509
23500700	2.5718782
23506702	2.5718057
23512702	2.5717332
23518704	2.5716605
23524704	2.571588
23530706	2.5715153
23536708	2.5714428
23542708	2.5713701
23548710	2.5712976
23554710	2.5712249
23560712	2.5711522
23566714	2.5710797
23572714	2.571007
23578716	2.5709343
23584716	2.5708616
23590718	2.5707889
23596720	2.5707161
23602720	2.5706434
23608722	2.5705707
23614722	2.570498
23620724	2.5704253
23626726	2.5703526
23632726	2.5702798
23638728	2.5702069
23644728	2.5701342
23650730	2.5700614
23656732	2.5699885
23662732	2.5699158
23668734	2.5698428
23674734	2.5697701
23680736	2.5696971
23686738	2.5696244
23692738	2.5695515
23698740	2.5694785
23704740	2.5694056
23710742	2.5693328
23716744	2.5692599
23722744	2.5691869
23728746	2.569114
23734746	2.569041
23740748	2.5689681
23746750	2.5688951
23752750	2.5688221
23758752	2.568749
23764752	2.568676
23770754	2.568603
23776756	2.5685298
23782756	2.5684569
23788758	2.5683839
23794758	2.5683107
23800760	2.5682378
23806762	2.5681646
23812762	2.5680916
23818764	2.5680184
23824764	2.5679452
23830766	2.5678723
23836768	2.5677991
23842768	2.5677259
23848770	2.5676527
23854770	2.5675795
23860772	2.5675063
23866774	2.5674331
23872774	2.5673599
23878776	2.5672867
23884776	2.5672135
23890778	2.5671403
23896780	2.5670671
23902780	2.5669937
23908782	2.5669205
23914782	2.5668473
23920784	2.5667739
23926786	2.5667007
23932786	2.5666273
23938788	2.5665541
23944788	2.5664806
23950790	2.5664074
23956792	2.566334
23962792	2.5662606
23968794	2.5661871
23974794	2.5661139
23980796	2.5660405
23986798	2.5659671
23992798	2.5658937
23998800	2.5658202
24004800	2.5657468
24010802	2.5656734
24016804	2.5655999
24022804	2.5655262
24028806	2.5654528
24034806	2.5653794
24040808	2.5653059
24046810	2.5652323
24052810	2.5651588
24058812	2.5650852
24064812	2.5650117
24070814	2.5649381
24076816	2.5648646
24082816	2.564791
24088818	2.5647173
24094818	2.5646439
24100820	2.5645702
24106822	2.5644965
24112822	2.5644228
24118824	2.5643492
24124824	2.5642755
24130826	2.5642018
24136828	2.5641282
24142828	2.5640545
24148830	2.5639808
24154830	2.5639071
24160832	2.5638335
24166834	2.5637596
24172834	2.5636859
24178836	2.5636122
24184836	2.5635383
24190838	2.5634646
24196840	2.5633907
24202840	2.5633171
24208842	2.5632432
24214842	2.5631695
24220844	2.5630956
24226846	2.5630217
24232846	2.562948
24238848	2.5628741
24244848	2.5628002
24250850	2.5627263
24256852	2.5626523
24262852	2.5625784
24268854	2.5625045
24274854	2.5624306
24280856	2.5623567
24286858	2.5622828
24292858	2.5622087
24298860	2.5621347
24304860	2.5620608
24310862	2.5619869
24316864	2.5619128
24322864	2.5618389
24328866	2.5617647
24334866	2.5616908
24340868	2.5616167
24346870	2.5615425
24352870	2.5614686
24358872	2.5613945
24364872	2.5613203
24370874	2.5612462
24376876	2.5611722
24382876	2.5610981
24388878	2.561024
24394878	2.5609498
24400880	2.5608757
24406882	2.5608015
24412882	2.5607274
24418884	2.560653
24424884	2.5605788
24430886	2.5605047
24436888	2.5604305
24442888	2.5603561
24448890	2.560282
24454890	2.5602076
24460892	2.5601335
24466894	2.5600591
24472894	2.5599849
24478896	2.5599105
24484896	2.5598361
24490898	2.559762
24496900	2.5596876
24502900	2.5596132
24508902	2.5595388
24514902	2.5594645
24520904	2.5593901
24526906	2.5593157
24532906	2.5592413
24538908	2.5591669
24544908	2.5590925
24550910	2.5590181
24556912	2.5589437
24562912	2.5588694
24568914	2.5587947
24574914	2.5587204
24580916	2.558646
24586918	2.5585713
24592918	2.558497
24598920	2.5584223
24604920	2.5583479
24610922	2.5582733
24616924	2.5581987
24622924	2.5581241
24628926	2.5580497
24634926	2.5579751
24640928	2.5579004
24646930	2.5578258
24652930	2.5577512
24658932	2.5576766
24664932	2.5576019
24670934	2.5575273
24676936	2.5574527
24682936	2.5573781
24688938	2.5573034
24694938	2.5572286
24700940	2.5571539
24706942	2.5570793
24712942	2.5570045
24718944	2.5569298
24724944	2.556855
24730946	2.5567803
24736948	2.5567055
24742948	2.5566308
24748950	2.556556
24754950	2.5564811
24760952	2.5564063
24766954	2.5563316
24772954	2.5562568
24778956	2.5561819
24784956	2.556107
24790958	2.5560322
24796960	2.5559573
24802960	2.5558825
24808962	2.5558076
24814962	2.5557327
24820964	2.5556576
24826966	2.5555828
24832966	2.5555079
24838968	2.5554328
24844968	2.5553579
24850970	2.5552831
24856972	2.555208
24862972	2.5551331
24868974	2.555058
24874974	2.5549829
24880976	2.554908
24886978	2.5548329
24892978	2.5547578
24898980	2.5546827
24904980	2.5546079
24910982	2.5545328
24916984	2.5544577
24922984	2.5543826
24928986	2.5543075
24934986	2.5542324
24940988	2.5541573
24946990	2.5540819
24952990	2.5540068
24958992	2.5539317
24964992	2.5538566
24970994	2.5537813
24976996	2.5537062
24982996	2.5536308
24988998	2.5535557
24994998	2.5534804
25001000	2.5534053
25007002	2.5533299
25013002	2.5532548
25019004	2.5531795
25025004	2.5531042
25031006	2.5530288
25037008	2.5529535
25043008	2.5528784
25049010	2.552803
25055010	2.5527277
25061012	2.5526524
25067014	2.552577
25073014	2.5525014
25079016	2.5524261
25085016	2.5523508
25091018	2.5522754
25097020	2.5521998
25103020	2.5521245
25109022	2.5520492
25115022	2.5519736
25121024	2.5518982
25127026	2.5518227
25133026	2.5517473
25139028	2.5516717
25145028	2.5515964
25151030	2.5515208
25157032	2.5514452
25163032	2.5513697
25169034	2.5512941
25175034	2.5512187
25181036	2.5511432
25187038	2.5510676
25193038	2.550992
25199040	2.5509162
25205040	2.5508406
25211042	2.550765
25217044	2.5506895
25223044	2.5506139
25229046	2.5505381
25235046	2.5504625
25241048	2.5503869
25247050	2.5503111
25253050	2.5502355
25259052	2.5501597
25265052	2.5500841
25271054	2.5500083
25277056	2.5499325
25283056	2.5498569
25289058	2.5497811
25295058	2.5497053
25301060	2.5496294
25307062	2.5495536
25313062	2.5494781
25319064	2.5494022
25325064	2.5493264
25331066	2.5492506
25337068	2.5491745
25343068	2.5490987
25349070	2.5490229
25355070	2.5489471
25361072	2.5488713
25367074	2.5487952
25373074	2.5487194
25379076	2.5486434
25385076	2.5485675
25391078	2.5484915
25397080	2.5484157
25403080	2.5483396
25409082	2.5482638
25415082	2.5481877
25421084	2.5481117
25427086	2.5480356
25433086	2.5479596
25439088	2.5478837
25445088	2.5478077
25451090	2.5477316
25457092	2.5476556
25463092	2.5475795
25469094	2.5475032
25475094	2.5474272
25481096	2.5473511
25487098	2.5472751
25493098	2.547199
25499100	2.5471227
25505100	2.5470467
25511102	2.5469706
25517104	2.5468943
25523104	2.5468183
25529106	2.546742
25535106	2.5466657
25541108	2.5465896
25547110	2.5465133
25553110	2.546437
25559112	2.5463607
25565112	2.5462847
25571114	2.5462084
25577116	2.5461321
25583116	2.5460558
25589118	2.5459795
25595118	2.5459032
25601120	2.5458269
25607122	2.5457506
25613122	2.5456741
25619124	2.5455978
25625124	2.5455215
25631126	2.5454452
25637128	2.5453687
25643128	2.5452924
25649130	2.5452158
25655130	2.5451396
25661132	2.545063
25667134	2.5449867
25673134	2.5449102
25679136	2.5448337
25685136	2.5447574
25691138	2.5446808
25697140	2.5446043
25703140	2.5445278
25709142	2.5444512
25715142	2.5443747
25721144	2.5442982
25727146	2.5442216
25733146	2.5441451
25739148	2.5440686
25745148	2.543992
25751150	2.5439155
25757152	2.5438387
25763152	2.5437622
25769154	2.5436857
25775154	2.5436089
25781156	2.5435324
25787158	2.5434556
25793158	2.5433791
25799160	2.5433023
25805160	2.5432258
25811162	2.543149
25817164	2.5430722
25823164	2.5429955
25829166	2.5429189
25835166	2.5428421
25841168	2.5427654
25847170	2.5426886
25853170	2.5426118
25859172	2.5425351
25865172	2.5424583
25871174	2.5423815
25877176	2.5423045
25883176	2.5422277
25889178	2.542151
25895178	2.5420742
25901180	2.5419972
25907182	2.5419204
25913182	2.5418434
25919184	2.5417666
25925184	2.5416896
25931186	2.5416129
25937188	2.5415359
25943188	2.5414591
25949190	2.5413821
25955190	2.5413051
25961192	2.5412281
25967194	2.541151
25973194	2.5410743
25979196	2.5409973
25985196	2.5409203
25991198	2.5408432
25997200	2.540766
26003200	2.540689
26009202	2.540612
26015202	2.540535
26021204	2.540458
26027206	2.5403807
26033206	2.5403037
26039208	2.5402267
26045208	2.5401495
26051210	2.5400724
26057212	2.5399952
26063212	2.5399182
26069214	2.5398409
26075214	2.5397637
26081216	2.5396867
26087218	2.5396094
26093218	2.5395322
26099220	2.5394549
26105220	2.5393777
26111222	2.5393004
26117224	2.5392232
26123224	2.5391462
26129226	2.5390687
26135226	2.5389915
26141228	2.5389142
26147230	2.538837
26153230	2.5387597
26159232	2.5386822
26165232	2.538605
26171234	2.5385277
26177236	2.5384502
26183236	2.538373
26189238	2.5382955
26195238	2.5382183
26201240	2.5381408
26207242	2.5380633
26213242	2.537986
26219244	2.5379086
26225244	2.5378311
26231246	2.5377538
26237248	2.5376763
26243248	2.5375988
26249250	2.5375214
26255250	2.5374439
26261252	2.5373664
26267254	2.5372889
26273254	2.5372112
26279256	2.5371337
26285256	2.5370562
26291258	2.5369787
26297260	2.536901
26303260	2.5368235
26309262	2.536746
26315262	2.5366683
26321264	2.5365908
26327266	2.5365131
26333266	2.5364356
26339268	2.5363579
26345268	2.5362802
26351270	2.5362027
26357272	2.5361249
26363272	2.5360472
26369274	2.5359695
26375274	2.5358918
26381276	2.535814
26387278	2.5357363
26393278	2.5356586
26399280	2.5355809
26405280	2.5355031
26411282	2.5354254
26417284	2.5353477
26423284	2.5352697
26429286	2.535192
26435286	2.5351143
26441288	2.5350363
26447290	2.5349586
26453290	2.5348806
26459292	2.5348029
26465292	2.534725
26471294	2.5346472
26477296	2.5345693
26483296	2.5344913
26489298	2.5344136
26495298	2.5343356
26501300	2.5342577
26507302	2.5341797
26513302	2.5341017
26519304	2.5340238
26525304	2.5339458
26531306	2.5338678
26537308	2.5337899
26543308	2.5337119
26549310	2.5336339
26555310	2.5335557
26561312	2.5334778
26567314	2.5333998
26573314	2.5333216
26579316	2.5332437
26585316	2.5331657
26591318	2.5330875
26597320	2.5330093
26603320	2.5329313
26609322	2.5328531
26615322	2.5327752
26621324	2.532697
26627326	2.5326188
26633326	2.5325406
26639328	2.5324624
26645328	2.5323842
26651330	2.532306
26657332	2.5322278
26663332	2.5321496
26669334	2.5320714
26675334	2.5319932
26681336	2.5319149
26687338	2.5318367
26693338	2.5317585
26699340	2.5316801
26705340	2.5316019
26711342	2.5315235
26717344	2.5314453
26723344	2.5313671
26729346	2.5312886
26735346	2.5312102
26741348	2.531132
26747350	2.5310535
26753350	2.5309751
26759352	2.5308969
26765352	2.5308185
26771354	2.53074
26777356	2.5306616
26783356	2.5305831
26789358	2.5305047
26795358	2.5304263
26801360	2.5303478
26807362	2.5302694
26813362	2.5301909
26819364	2.5301125
26825364	2.5300338
26831366	2.5299554
26837368	2.5298769
26843368	2.5297983
26849370	2.5297198
26855370	2.5296412
26861372	2.5295627
26867374	2.529484
26873374	2.5294056
26879376	2.5293269
26885376	2.5292482
26891378	2.5291698
26897380	2.5290911
26903380	2.5290124
26909382	2.5289338
26915382	2.5288551
26921384	2.5287764
26927386	2.5286977
26933386	2.5286191
26939388	2.5285404
26945388	2.5284617
26951390	2.528383
26957392	2.5283043
26963392	2.5282254
26969394	2.5281467
26975394	2.5280681
26981396	2.5279891
26987398	2.5279105
26993398	2.5278316
26999400	2.5277529
27005400	2.527674
27011402	2.5275953
27017404	2.5275164
27023404	2.5274374
27029406	2.5273585
27035406	2.5272799
27041408	2.5272009
27047410	2.527122
27053410	2.5270431
27059412	2.5269642
27065412	2.5268853
27071414	2.5268064
27077416	2.5267274
27083416	2.5266485
27089418	2.5265694
27095418	2.5264904
27101420	2.5264115
27107422	2.5263326
27113422	2.5262535
27119424	2.5261745
27125424	2.5260954
27131426	2.5260165
27137428	2.5259373
27143428	2.5258584
27149430	2.5257792
27155430	2.5257001
27161432	2.5256212
27167434	2.525542
27173434	2.5254629
27179436	2.5253837
27185436	2.5253046
27191438	2.5252254
27197440	2.5251462
27203440	2.5250671
27209442	2.5249879
27215442	2.5249088
27221444	2.5248296
27227446	2.5247505
27233446	2.5246711
27239448	2.5245919
27245448	2.5245128
27251450	2.5244334
27257452	2.5243542
27263452	2.5242748
27269454	2.5241957
27275454	2.5241163
27281456	2.5240371
27287458	2.5239577
27293458	2.5238783
27299460	2.5237992
27305460	2.5237198
27311462	2.5236404
27317464	2.523561
27323464	2.5234816
27329466	2.5234022
27335466	2.5233228
27341468	2.5232434
27347470	2.523164
27353470	2.5230846
27359472	2.5230052
27365472	2.5229259
27371474	2.5228462
27377476	2.5227668
27383476	2.5226874
27389478	2.5226078
27395478	2.5225284
27401480	2.5224488
27407482	2.5223694
27413482	2.5222898
27419484	2.5222101
27425484	2.5221307
27431486	2.5220511
27437488	2.5219715
27443488	2.5218921
27449490	2.5218124
27455490	2.5217328
27461492	2.5216532
27467494	2.5215735
27473494	2.5214939
27479496	2.5214143
27485496	2.5213346
27491498	2.521255
27497500	2.5211751
27503500	2.5210955
27509502	2.5210159
27515502	2.5209363
27521504	2.5208564
27527506	2.5207767
27533506	2.5206969
27539508	2.5206172
27545508	2.5205374
27551510	2.5204577
27557512	2.5203779
27563512	2.520298
27569514	2.5202181
27575514	2.5201385
27581516	2.5200586
27587518	2.5199788
27593518	2.5198989
27599520	2.519819
27605520	2.5197392
27611522	2.5196593
27617524	2.5195794
27623524	2.5194995
27629526	2.5194197
27635526	2.5193398
27641528	2.5192597
27647530	2.5191798
27653530	2.5191
27659532	2.5190198
27665534	2.51894
27671534	2.5188599
27677536	2.51878
27683536	2.5186999
27689538	2.51862
27695540	2.5185399
27701540	2.5184598
27707542	2.5183799
27713542	2.5182998
27719544	2.5182197
27725546	2.5181396
27731546	2.5180595
27737548	2.5179794
27743548	2.5178993
27749550	2.5178192
27755552	2.5177391
27761552	2.5176589
27767554	2.5175788
27773554	2.5174987
27779556	2.5174186
27785558	2.5173383
27791558	2.5172582
27797560	2.5171778
27803560	2.5170977
27809562	2.5170176
27815564	2.5169373
27821564	2.5168571
27827566	2.5167768
27833566	2.5166965
27839568	2.5166163
27845570	2.516536
27851570	2.5164557
27857572	2.5163753
27863572	2.516295
27869574	2.5162146
27875576	2.5161343
27881576	2.5160539
27887578	2.5159736
27893578	2.5158932
27899580	2.5158129
27905582	2.5157325
27911582	2.5156522
27917584	2.5155718
27923584	2.5154912
27929586	2.5154109
27935588	2.5153303
27941588	2.51525
27947590	2.5151696
27953590	2.515089
27959592	2.5150087
27965594	2.5149281
27971594	2.5148475
27977596	2.5147672
27983596	2.5146866
27989598	2.514606
27995600	2.5145254
28001600	2.5144448
28007602	2.5143642
28013602	2.5142839
28019604	2.5142031
28025606	2.5141225
28031606	2.5140419
28037608	2.5139613
28043608	2.5138807
28049610	2.5138001
28055612	2.5137196
28061612	2.5136387
28067614	2.5135581
28073614	2.5134776
28079616	2.5133967
28085618	2.5133162
28091618	2.5132353
28097620	2.5131547
28103620	2.5130739
28109622	2.5129931
28115624	2.5129125
28121624	2.5128317
28127626	2.5127509
28133626	2.51267
28139628	2.5125892
28145630	2.5125084
28151630	2.5124278
28157632	2.5123467
28163632	2.5122662
28169634	2.5121851
28175636	2.5121043
28181636	2.5120234
28187638	2.5119426
28193638	2.5118618
28199640	2.5117807
28205642	2.5116999
28211642	2.5116191
28217644	2.511538
28223644	2.5114572
28229646	2.5113761
28235648	2.5112953
28241648	2.5112143
28247650	2.5111332
28253650	2.5110524
28259652	2.5109713
28265654	2.5108902
28271654	2.5108092
28277656	2.5107281
28283656	2.5106473
28289658	2.5105662
28295660	2.5104852
28301660	2.5104041
28307662	2.5103228
28313662	2.5102417
28319664	2.5101607
28325666	2.5100796
28331666	2.5099986
28337668	2.5099173
28343668	2.5098362
28349670	2.5097551
28355672	2.5096738
28361672	2.5095928
28367674	2.5095115
28373674	2.5094304
28379676	2.5093491
28385678	2.509268
28391678	2.5091867
28397680	2.5091054
28403680	2.5090241
28409682	2.5089431
28415684	2.5088618
28421684	2.5087805
28427686	2.5086992
28433686	2.5086179
28439688	2.5085366
28445690	2.5084553
28451690	2.508374
28457692	2.5082927
28463692	2.5082111
28469694	2.5081298
28475696	2.5080485
28481696	2.507967
28487698	2.5078857
28493698	2.5078044
28499700	2.5077229
28505702	2.5076416
28511702	2.50756
28517704	2.5074787
28523704	2.5073972
28529706	2.5073156
28535708	2.5072343
28541708	2.5071528
28547710	2.5070713
28553710	2.5069897
28559712	2.5069082
28565714	2.5068266
28571714	2.5067451
28577716	2.5066636
28583716	2.506582
28589718	2.5065005
28595720	2.5064189
28601720	2.5063374
28607722	2.5062559
28613722	2.5061741
28619724	2.5060925
28625726	2.506011
28631726	2.5059292
28637728	2.5058477
28643728	2.5057659
28649730	2.5056844
28655732	2.5056026
28661732	2.5055211
28667734	2.5054393
28673734	2.5053575
28679736	2.505276
28685738	2.5051942
28691738	2.5051124
28697740	2.5050306
28703740	2.5049489
28709742	2.5048671
28715744	2.5047853
28721744	2.5047035
28727746	2.5046217
28733746	2.50454
28739748	2.5044582
28745750	2.5043764
28751750	2.5042944
28757752	2.5042126
28763752	2.5041308
28769754	2.5040488
28775756	2.503967
28781756	2.503885
28787758	2.5038033
28793758	2.5037212
28799760	2.5036395
28805762	2.5035574
28811762	2.5034754
28817764	2.5033937
28823764	2.5033116
28829766	2.5032296
28835768	2.5031476
28841768	2.5030656
28847770	2.5029836
28853770	2.5029018
28859772	2.5028195
28865774	2.5027375
28871774	2.5026555
28877776	2.5025735
28883776	2.5024915
28889778	2.5024095
28895780	2.5023272
28901780	2.5022452
28907782	2.5021632
28913782	2.5020809
28919784	2.5019989
28925786	2.5019166
28931786	2.5018346
28937788	2.5017524
28943788	2.5016704
28949790	2.5015881
28955792	2.5015059
28961792	2.5014238
28967794	2.5013416
28973794	2.5012593
28979796	2.5011771
28985798	2.5010948
28991798	2.5010126
28997800	2.5009303
29003800	2.5008481
29009802	2.5007658
29015804	2.5006835
29021804	2.5006013
29027806	2.500519
29033806	2.5004365
29039808	2.5003543
29045810	2.500272
29051810	2.5001895
29057812	2.5001073
29063812	2.5000248
29069814	2.4999425
29075816	2.49986
29081816	2.4997778
29087818	2.4996953
29093818	2.4996128
29099820	2.4995306
29105822	2.4994481
29111822	2.4993656
29117824	2.4992831
29123824	2.4992006
29129826	2.4991181
29135828	2.4990356
29141828	2.4989531
29147830	2.4988706
29153830	2.4987881
29159832	2.4987056
29165834	2.4986231
29171834	2.4985406
29177836	2.4984579
29183836	2.4983754
29189838	2.4982929
29195840	2.4982102
29201840	2.4981277
29207842	2.498045
29213842	2.4979625
29219844	2.4978797
29225846	2.4977973
29231846	2.4977145
29237848	2.4976318
29243848	2.4975493
29249850	2.4974666
29255852	2.4973838
29261852	2.4973011
29267854	2.4972184
29273854	2.4971356
29279856	2.4970529
29285858	2.4969702
29291858	2.4968874
29297860	2.4968047
29303860	2.496722
29309862	2.4966393
29315864	2.4965565
29321864	2.4964736
29327866	2.4963908
29333866	2.4963081
29339868	2.4962251
29345870	2.4961424
29351870	2.4960594
29357872	2.4959767
29363872	2.4958937
29369874	2.495811
29375876	2.495728
29381876	2.495645
29387878	2.4955621
29393878	2.4954793
29399880	2.4953964
29405882	2.4953134
29411882	2.4952304
29417884	2.4951475
29423884	2.4950645
29429886	2.4949815
29435888	2.4948986
29441888	2.4948156
29447890	2.4947326
29453890	2.4946496
29459892	2.4945664
29465894	2.4944835
29471894	2.4944005
29477896	2.4943173
29483896	2.4942343
29489898	2.4941511
29495900	2.4940681
29501900	2.4939849
29507902	2.493902
29513902	2.4938188
29519904	2.4937356
29525906	2.4936526
29531906	2.4935694
29537908	2.4934862
29543908	2.493403
29549910	2.49332
29555912	2.4932368
29561912	2.4931536
29567914	2.4930704
29573914	2.4929872
29579916	2.4929039
29585918	2.4928205
29591918	2.4927373
29597920	2.4926541
29603920	2.4925709
29609922	2.4924874
29615924	2.4924042
29621924	2.492321
29627926	2.4922376
29633926	2.4921544
29639928	2.4920709
29645930	2.4919877
29651930	2.4919043
29657932	2.4918211
29663932	2.4917376
29669934	2.4916542
29675936	2.4915707
29681936	2.4914875
29687938	2.4914041
29693938	2.4913206
29699940	2.4912372
29705942	2.4911537
29711942	2.4910703
29717944	2.4909868
29723944	2.4909034
29729946	2.4908199
29735948	2.4907365
29741948	2.490653
29747950	2.4905694
29753950	2.4904859
29759952	2.4904025
29765954	2.4903188
29771954	2.4902353
29777956	2.4901516
29783956	2.4900682
29789958	2.4899845
29795960	2.4899011
29801960	2.4898174
29807962	2.4897337
29813962	2.4896502
29819964	2.4895666
29825966	2.4894829
29831966	2.4893992
29837968	2.4893155
29843968	2.4892321
29849970	2.4891484
29855972	2.4890647
29861972	2.488981
29867974	2.4888973
29873974	2.4888134
29879976	2.4887297
29885978	2.488646
29891978	2.4885623
29897980	2.4884784
29903980	2.4883947
29909982	2.4883111
29915984	2.4882271
29921984	2.4881434
29927986	2.4880595
29933986	2.4879758
29939988	2.4878919
29945990	2.4878082
29951990	2.4877243
29957992	2.4876404
29963992	2.4875567
29969994	2.4874728
29975996	2.4873888
29981996	2.4873049
29987998	2.487221
29993998	2.4871371
30000000	2.4870532
